#LBA time[ms], KF opt[#], KF fixed[#], MP[#], Edges[#]
0.004343,3,1,0,2862
0.000723,4,1,0,3689
0.100830,5,1,0,4503
0.304069,6,1,0,5041
0.496914,7,1,0,5599
0.458876,8,1,0,5971
0.558120,9,1,0,6354
0.607585,10,1,0,6628
0.640735,11,1,0,6869
0.708091,12,1,0,7265
0.770887,13,1,0,7564
0.708478,14,1,0,6683
0.758774,16,1,0,7701
0.786356,14,3,0,7913
0.000000,14,4,0,7701
0.969157,16,3,0,8928
1.261784,15,5,0,8120
1.054638,14,7,0,6327
1.465594,13,9,0,6039
0.741416,13,10,0,6088
1.160681,13,13,0,7283
1.190530,15,16,0,10820
1.406542,16,16,0,11585
0.000000,16,17,0,11810
0.000000,17,17,0,12473
1.052552,15,20,0,12251
0.000000,8,28,0,9726
0.000000,3,34,0,4420
0.000000,3,13,0,3243
0.000000,4,13,0,3434
1.680256,5,13,0,3720
2.054761,6,13,0,4221
1.828388,7,13,0,4598
1.950780,10,13,0,6245
2.661178,11,13,0,6614
1.076809,12,13,0,7329
0.997687,13,13,0,8017
0.435682,13,8,0,8076
0.438144,14,8,0,8611
0.420104,15,4,0,7264
0.399631,17,5,0,7202
0.607793,19,4,0,9031
0.000000,19,5,0,9592
0.000000,16,9,0,9145
0.733629,18,8,0,10498
0.792558,14,13,0,8305
0.877436,9,19,0,7169
1.089005,3,25,0,2830
1.045800,3,26,0,2138
0.937274,4,26,0,2282
0.823456,4,10,0,2347
0.000000,4,11,0,2599
0.000000,5,11,0,3292
0.982421,6,11,0,4131
0.000000,7,11,0,4578
0.000000,8,11,0,4967
0.000000,9,11,0,5457
1.564039,10,11,0,5060
1.279036,11,11,0,5870
1.115431,12,4,0,5245
1.281133,13,4,0,5215
1.430464,13,3,0,5841
1.409795,15,4,0,6515
0.439948,15,3,0,7054
0.754182,16,3,0,7650
0.234616,17,3,0,8304
0.299174,18,3,0,8644
0.335572,19,4,0,9569
0.442565,21,4,0,10815
0.705074,24,5,0,11672
0.803567,25,5,0,12230
0.888538,23,8,0,10404
0.426047,21,11,0,10679
0.666702,20,13,0,10801
0.619755,19,14,0,8451
0.564345,18,16,0,8539
0.782231,20,15,0,9073
0.762019,17,20,0,9188
0.874125,18,20,0,9498
0.966173,17,22,0,9438
1.019025,15,25,0,8842
1.062943,13,27,0,8388
1.014598,13,28,0,8418
0.000000,14,28,0,9183
1.267126,13,30,0,8045
0.000000,14,30,0,8678
1.109240,14,31,0,8858
0.000000,15,31,0,9234
0.000000,14,32,0,8702
0.000000,15,32,0,9177
1.333650,16,32,0,9641
1.363273,17,32,0,9458
1.244537,17,31,0,7784
1.263738,17,32,0,8382
1.076995,20,30,0,9308
1.081117,19,32,0,9713
1.177307,22,30,0,10688
1.265871,17,34,0,9532
0.000000,15,27,0,8091
1.219513,18,32,0,9853
1.083073,18,33,0,9919
0.915582,15,30,0,7970
1.397292,23,31,0,12501
1.244413,23,30,0,8937
1.320533,24,30,0,9728
1.293815,23,32,0,9874
1.049729,21,35,0,10108
1.545368,17,38,0,8794
1.596843,9,46,0,7606
1.854810,4,43,0,4037
1.671314,5,43,0,4498
1.100336,5,40,0,3383
1.290360,6,40,0,3994
0.000000,6,17,0,3662
1.284408,7,17,0,4331
0.885780,8,17,0,5033
1.456955,9,17,0,5596
1.089028,10,17,0,6192
1.539431,11,17,0,6858
1.485544,12,17,0,7246
1.046922,13,17,0,6435
1.735239,14,17,0,7059
1.528450,15,17,0,6675
1.049724,15,11,0,6115
1.103287,16,11,0,6795
0.000000,17,11,0,7496
0.000000,18,11,0,7895
0.000000,19,11,0,8715
0.000000,24,11,0,11040
0.000000,25,11,0,11601
0.000000,23,5,0,11664
0.000000,27,7,0,14643
0.000000,33,12,0,22855
1.205610,35,12,0,24254
1.070787,38,10,0,25583
1.807625,38,11,0,25637
1.269422,30,19,0,23751
2.046199,14,36,0,15678
1.767285,4,46,0,7669
0.866721,4,47,0,5346
0.924518,4,21,0,3111
0.876938,5,21,0,3594
0.576895,6,21,0,4115
0.797500,10,21,0,6422
0.549758,12,21,0,6318
0.605502,13,21,0,6979
0.779150,14,21,0,7652
0.978569,15,21,0,8200
1.217577,17,21,0,8994
1.183791,18,16,0,9822
0.971297,20,16,0,10497
1.010307,21,5,0,10283
1.019583,24,3,0,10803
0.940635,21,7,0,10645
0.565698,19,13,0,9260
0.899449,19,14,0,9646
0.989770,21,16,0,11213
0.952261,22,25,0,13619
0.000000,25,23,0,14930
1.383388,22,27,0,13891
0.000000,28,24,0,16652
0.000000,36,28,0,27403
0.000000,35,31,0,28813
1.561271,36,31,0,28636
1.541290,29,39,0,25088
1.571190,15,54,0,18369
0.000000,3,67,0,5215
0.000000,3,20,0,2452
0.000000,4,20,0,2938
0.000000,5,20,0,3471
0.000000,5,19,0,3087
1.859052,6,19,0,3489
0.000000,8,19,0,4583
0.000000,10,20,0,6500
0.000000,11,20,0,7093
0.000000,11,19,0,6648
0.000000,13,3,0,7411
0.000000,16,19,0,7318
0.000000,17,19,0,7690
0.000000,18,19,0,8260
0.000000,18,3,0,8485
0.000000,18,3,0,8712
0.000000,20,4,0,9763
2.649050,23,3,0,10807
2.605489,17,10,0,10076
6.611913,22,8,0,13057
3.084934,21,11,0,12937
4.770026,23,11,0,14637
2.087832,24,11,0,15024
1.719384,23,13,0,15211
0.538529,21,16,0,15018
0.480668,36,17,0,23963
0.604308,34,20,0,24186
0.647667,35,20,0,24797
0.000000,24,32,0,20210
0.000000,25,32,0,20778
0.000000,30,28,0,24726
0.632011,27,32,0,21934
0.000000,30,30,0,23716
0.908690,25,37,0,18028
0.988347,19,48,0,14728
1.014248,19,49,0,12891
0.685449,17,52,0,13123
0.000000,19,51,0,13732
1.187896,18,54,0,10969
0.000000,17,57,0,11481
1.020740,19,56,0,11697
0.000000,18,58,0,9363
1.681253,7,68,0,6877
0.000000,6,69,0,6512
0.000000,4,72,0,4455
0.000000,4,19,0,3529
1.665656,5,19,0,3976
1.318800,5,7,0,3865
1.396735,6,7,0,4215
0.000000,7,7,0,4551
0.000000,8,7,0,4889
0.000000,15,7,0,7792
0.000000,16,7,0,8303
0.890438,19,4,0,8981
1.197261,19,4,0,8837
0.000000,16,11,0,9181
0.000000,13,16,0,8085
0.000000,11,19,0,6107
1.572397,10,22,0,5113
0.000000,10,24,0,5406
0.000000,11,24,0,5510
0.000000,11,25,0,4364
0.000000,14,40,0,8461
0.000000,14,42,0,8612
0.000000,12,34,0,7246
0.000000,14,34,0,8178
0.000000,14,34,0,7835
0.000000,15,34,0,8258
1.861973,14,30,0,7822
1.986927,14,31,0,7688
2.491845,8,31,0,5439
0.000000,5,27,0,3901
0.000000,5,25,0,3840
2.452675,6,25,0,4363
0.000000,6,23,0,4347
0.000000,7,23,0,5007
0.000000,8,23,0,5596
0.000000,8,16,0,5418
0.000000,9,16,0,6161
0.000000,10,16,0,6620
0.000000,11,16,0,7271
0.000000,12,16,0,7782
0.000000,14,16,0,8388
0.000000,14,10,0,8347
0.000000,15,10,0,8909
3.086314,15,5,0,9055
0.000000,16,7,0,8531
3.025057,13,11,0,7743
3.921855,15,11,0,8796
1.912414,14,12,0,7714
2.935145,13,14,0,7269
1.731790,13,15,0,7350
0.360514,13,16,0,7288
0.362844,11,19,0,6325
0.413780,8,23,0,5031
0.464665,7,26,0,4292
0.495542,9,25,0,6359
0.000000,10,25,0,6099
0.707495,11,25,0,6876
0.934035,12,25,0,7664
1.034050,12,16,0,8095
0.947547,13,16,0,8692
0.000000,14,16,0,9113
0.000000,11,20,0,8886
1.010266,6,18,0,7453
0.000000,6,19,0,7697
1.056376,5,18,0,4471
1.130375,6,18,0,5007
1.382659,7,18,0,5412
1.256099,8,18,0,5609
1.441874,9,18,0,5815
0.000000,9,19,0,5518
0.000000,10,19,0,5998
1.585953,11,19,0,6460
0.000000,12,19,0,6912
1.458793,13,19,0,7583
1.427220,15,19,0,8606
0.000000,16,19,0,8738
0.000000,17,17,0,7516
1.892055,21,17,0,9567
0.000000,22,17,0,10118
2.123801,22,15,0,10166
0.000000,24,17,0,11103
2.253982,21,7,0,8820
1.969755,22,7,0,9428
1.591131,21,12,0,10980
2.223120,21,13,0,11334
0.000000,21,15,0,11715
0.000000,21,16,0,11971
0.000000,24,14,0,12866
0.000000,24,15,0,13154
0.000000,24,16,0,13539
0.000000,24,17,0,13760
0.000000,13,29,0,10067
0.000000,5,37,0,5925
0.000000,5,38,0,5506
0.000000,4,16,0,2977
0.000000,5,16,0,3647
0.000000,6,16,0,4184
0.000000,7,16,0,4679
0.000000,8,16,0,5252
0.000000,8,14,0,4983
2.865068,9,14,0,5305
3.829987,10,14,0,5876
3.158760,14,14,0,7532
2.585118,14,7,0,6811
1.688420,14,8,0,6682
3.090679,11,15,0,6699
3.150433,15,22,0,8193
2.886504,15,28,0,8619
0.000000,11,33,0,6723
1.712147,12,32,0,5265
0.000000,11,34,0,5583
0.000000,16,35,0,7985
0.000000,17,35,0,8477
0.000000,18,34,0,7505
2.610822,15,38,0,7220
1.611224,14,40,0,7112
1.944277,11,44,0,6465
1.638470,4,40,0,3754
0.000000,3,32,0,2658
1.397435,4,32,0,3091
0.000000,4,10,0,2790
1.423132,31,27,0,15036
4.202838,33,27,0,16213
4.725810,34,17,0,16919
1.033814,34,11,0,17974
0.581982,35,11,0,18487
1.077356,35,19,0,18483
0.488804,34,22,0,19028
0.463101,25,31,0,18005
0.546399,24,23,0,16142
0.675971,22,27,0,15038
7.871988,18,37,0,13549
0.761423,18,38,0,13903
0.000000,15,42,0,11839
0.000000,17,42,0,12651
0.000000,16,42,0,11063
0.000000,14,43,0,9761
0.000000,17,39,0,11448
0.000000,15,41,0,10879
1.035131,15,33,0,10668
0.963463,14,31,0,9380
0.000000,16,30,0,10360
0.000000,17,30,0,10880
0.000000,19,33,0,12550
0.000000,17,31,0,10793
1.412501,19,31,0,11742
1.405849,19,31,0,12046
0.000000,20,31,0,12375
0.000000,22,31,0,13354
0.000000,23,31,0,13707
0.000000,23,29,0,13573
1.625337,20,22,0,12679
0.000000,18,26,0,11586
1.440374,15,30,0,9559
1.165622,13,31,0,8946
0.000000,12,31,0,6916
1.131274,13,31,0,7345
0.000000,12,32,0,6512
1.289990,13,32,0,6673
1.151366,11,35,0,5677
1.097466,11,36,0,5678
0.000000,8,28,0,4773
0.000000,6,28,0,4371
0.000000,6,29,0,4654
0.000000,6,24,0,4730
0.000000,7,24,0,5308
0.000000,8,24,0,5737
0.000000,8,20,0,5729
0.000000,9,20,0,6077
0.000000,18,20,0,9586
0.000000,19,20,0,9836
0.000000,19,13,0,10083
0.000000,20,18,0,10931
0.000000,15,9,0,8600
0.000000,22,13,0,10918
0.000000,18,8,0,7779
0.000000,19,8,0,8243
0.000000,18,10,0,8058
0.000000,14,15,0,7622
0.000000,13,17,0,7790
0.000000,11,20,0,6542
0.000000,13,19,0,7950
1.430694,12,22,0,7128
0.000000,13,25,0,7929
1.298270,13,26,0,7905
0.000000,10,29,0,6849
1.369335,9,27,0,6534
2.229593,4,25,0,4095
2.308873,6,29,0,5952
1.546722,6,26,0,4794
1.612409,6,26,0,4550
1.697635,8,26,0,5417
1.195641,9,26,0,5586
0.862621,8,39,0,4807
0.572852,10,38,0,5421
0.603758,9,40,0,5025
0.646399,5,45,0,3925
0.751802,4,34,0,3465
0.841379,4,34,0,3777
0.538566,5,34,0,4645
0.751066,6,34,0,5540
1.054102,6,9,0,5706
0.851922,7,9,0,6178
1.523935,8,9,0,6761
0.000000,9,9,0,7307
1.290036,12,9,0,8606
1.158602,12,5,0,8548
1.202304,13,5,0,9294
1.454888,13,6,0,8821
0.000000,16,6,0,10326
0.000000,15,13,0,9845
0.000000,14,15,0,8145
0.000000,9,21,0,6389
1.411151,11,21,0,7301
1.364601,10,23,0,7346
0.000000,11,23,0,7554
1.428381,8,27,0,6061
1.339208,9,27,0,6220
1.943257,8,28,0,5136
1.721214,8,28,0,5071
1.752325,8,26,0,5138
1.347217,9,26,0,4576
1.099962,13,27,0,8565
0.000000,14,27,0,9152
1.267015,13,29,0,9645
0.000000,13,30,0,10312
0.000000,10,30,0,9776
0.000000,5,34,0,6051
11.547318,4,20,0,4120
1.277063,5,20,0,4532
1.448487,6,20,0,5042
1.342507,8,20,0,6378
1.611076,8,17,0,6222
1.388864,9,17,0,7044
1.948030,10,17,0,7675
1.889903,11,17,0,8359
1.622085,12,17,0,8892
1.794936,13,17,0,9301
1.565081,14,17,0,9739
1.006369,15,17,0,10171
0.930608,17,15,0,9519
0.844465,19,15,0,10391
0.538568,20,9,0,11047
0.722454,24,9,0,13571
0.952535,22,6,0,10407
1.067702,25,4,0,10963
0.845158,25,7,0,12143
1.482619,27,6,0,10660
0.000000,24,10,0,10541
1.810391,20,14,0,10152
1.433939,27,22,0,19346
0.000000,29,21,0,19566
1.452758,32,19,0,20836
0.000000,30,22,0,21125
0.000000,29,24,0,21179
0.000000,27,27,0,17004
1.588332,30,26,0,18783
1.769705,27,30,0,18667
1.979612,27,33,0,18899
1.248906,25,36,0,18867
1.250120,13,50,0,12506
1.277687,15,52,0,12362
0.000000,14,57,0,12919
0.000000,13,57,0,10442
0.000000,10,53,0,6639
2.244726,9,49,0,5991
0.000000,10,49,0,5425
1.439323,10,48,0,5666
0.000000,10,49,0,5941
1.494661,10,50,0,6202
1.180493,13,50,0,7559
2.546887,15,50,0,9059
2.083201,16,42,0,9184
2.530406,13,26,0,7577
2.791117,14,26,0,8193
1.731312,14,27,0,8358
1.385257,13,29,0,7984
0.997495,8,28,0,6141
0.514663,6,27,0,5538
0.578740,6,25,0,5173
0.677598,5,22,0,3795
0.664418,6,22,0,4204
0.565718,11,12,0,6395
12.370825,36,54,0,16679
0.739148,35,56,0,16985
10.406726,34,56,0,14194
0.000000,34,52,0,14280
0.000000,36,52,0,16319
0.000000,37,53,0,17407
0.531705,32,53,0,15406
0.000000,20,62,0,11807
0.000000,16,62,0,8065
0.000000,18,61,0,8807
0.000000,17,63,0,8947
1.092069,14,67,0,8460
1.071455,16,65,0,8768
0.000000,22,61,0,10594
0.000000,17,66,0,7993
0.000000,16,68,0,7483
0.000000,18,67,0,8580
1.071230,17,69,0,8350
0.000000,18,70,0,8208
0.000000,18,71,0,7192
0.000000,19,71,0,7644
0.000000,21,70,0,8319
0.000000,22,70,0,8703
0.000000,22,72,0,8945
0.000000,25,70,0,9101
0.000000,26,71,0,9116
0.000000,24,71,0,8852
0.000000,23,72,0,8982
0.000000,24,72,0,9533
1.612814,26,71,0,10092
0.000000,20,73,0,9619
0.000000,26,73,0,10716
0.000000,24,76,0,10790
0.000000,22,77,0,11033
0.000000,32,76,0,16465
1.638733,30,77,0,17021
1.205517,30,76,0,17436
1.000161,30,70,0,17634
1.180320,31,70,0,18192
0.000000,30,69,0,14957
0.000000,24,70,0,12908
0.000000,23,67,0,13040
0.000000,23,67,0,12768
0.000000,22,69,0,12893
1.233267,25,65,0,11902
1.157451,21,69,0,9737
1.098508,24,67,0,10580
1.204709,23,69,0,10569
1.449822,17,72,0,8385
2.296153,19,69,0,8222
0.629210,17,71,0,7795
0.577164,15,63,0,6775
0.663740,18,72,0,8736
0.415942,16,62,0,6092
2.059594,16,63,0,6504
0.000000,15,64,0,6803
3.507132,13,66,0,6585
3.597563,15,65,0,7326
2.492717,13,67,0,7259
16.945389,13,61,0,7583
3.354083,11,62,0,7198
0.000000,6,63,0,5603
3.226199,4,48,0,4029
0.000000,4,46,0,3160
3.129643,5,46,0,3653
0.000000,5,9,0,3379
4.192140,6,9,0,4015
0.000000,7,9,0,4757
15.891820,8,9,0,5331
0.000000,9,9,0,5913
0.000000,9,7,0,6161
0.000000,10,7,0,6807
0.000000,11,7,0,7329
0.000000,13,7,0,7763
3.710158,15,7,0,8266
3.890582,16,7,0,8650
2.307719,18,7,0,9201
0.000000,19,7,0,9901
0.000000,21,5,0,11791
2.898924,19,7,0,9757
2.270455,22,6,0,11378
3.070803,18,10,0,8914
0.000000,16,13,0,8544
0.000000,15,15,0,8880
0.000000,13,18,0,8530
0.000000,10,22,0,6846
2.615868,11,22,0,7269
1.879757,11,23,0,6092
0.000000,8,27,0,4971
1.680467,9,27,0,5033
1.700914,10,27,0,5211
1.811751,11,28,0,5912
1.779872,11,29,0,6055
2.504775,11,30,0,5159
2.135944,11,29,0,5653
2.380270,11,30,0,5861
2.199269,11,30,0,5793
2.277367,11,29,0,5790
0.000000,11,18,0,5895
1.935393,12,18,0,6478
2.396789,13,18,0,7331
2.404930,13,19,0,8159
0.000000,12,21,0,8944
1.510606,12,19,0,9317
0.000000,11,15,0,9065
15.383843,7,18,0,7257
0.000000,5,20,0,5267
1.858009,4,19,0,4061
0.000000,5,19,0,4549
0.000000,5,13,0,4060
1.774990,5,8,0,3691
1.198143,6,8,0,4058
1.128866,7,8,0,4424
1.090134,8,7,0,3838
1.712656,10,7,0,4669
1.676199,11,7,0,4971
2.425709,12,7,0,4243
1.189142,13,7,0,4713
0.812787,14,7,0,5098
1.031142,16,7,0,5868
0.831209,17,7,0,6311
1.229814,18,7,0,6858
1.498233,19,7,0,7355
0.935727,19,7,0,7676
0.622423,19,5,0,8475
0.000000,19,8,0,10083
0.000000,20,8,0,10309
0.000000,17,12,0,8122
0.000000,15,16,0,7836
0.000000,15,17,0,7653
0.000000,14,19,0,7834
0.000000,15,19,0,8434
0.000000,17,18,0,8851
1.259189,17,23,0,8277
1.915105,19,22,0,9151
0.000000,18,23,0,7388
1.589632,17,25,0,7798
1.881280,17,26,0,8247
1.953898,15,29,0,7845
1.559801,12,32,0,6641
1.517841,5,39,0,5113
1.528521,4,34,0,4400
1.218063,5,34,0,5007
1.518147,4,8,0,3774
1.966246,5,8,0,4014
1.181693,5,6,0,4164
1.894804,6,6,0,4521
0.000000,6,4,0,4596
1.273523,7,4,0,5152
0.000000,8,4,0,5734
0.000000,9,4,0,6235
0.000000,9,4,0,6371
1.651818,10,4,0,6669
1.773236,11,4,0,7067
1.279263,11,4,0,7044
1.256922,10,6,0,6600
1.465911,10,8,0,5522
1.659024,10,10,0,5638
1.717413,13,9,0,7428
2.009264,14,9,0,7878
2.038850,13,10,0,6954
2.325426,20,10,0,10338
2.966696,21,10,0,10979
2.338966,22,10,0,11770
18.417304,20,13,0,10979
0.625730,21,13,0,11570
0.666784,20,15,0,11787
0.873509,20,16,0,12047
0.758519,14,23,0,9457
1.069297,5,33,0,5560
1.084633,4,34,0,4400
0.955836,3,10,0,2662
1.032221,4,10,0,3014
0.839395,5,10,0,3620
0.000000,6,10,0,4060
0.000000,7,10,0,4558
1.295099,8,10,0,5134
1.351210,9,10,0,5598
1.012843,10,10,0,5984
0.000000,11,10,0,6487
0.000000,11,5,0,6520
0.000000,13,5,0,7352
0.000000,14,5,0,7955
1.304273,15,5,0,8666
0.000000,17,5,0,9141
2.202022,19,5,0,9802
0.000000,20,5,0,10335
0.000000,21,5,0,10889
0.000000,14,11,0,8185
0.000000,23,4,0,12390
0.000000,21,7,0,10274
0.000000,19,11,0,8756
1.554365,20,13,0,9728
1.834726,23,11,0,11079
1.468270,21,14,0,10414
0.000000,17,25,0,11087
1.512964,15,34,0,9069
1.588741,13,37,0,8584
1.185319,12,38,0,7504
1.222062,11,42,0,6267
1.070861,11,44,0,5980
1.364024,11,43,0,6101
1.263139,9,46,0,5554
0.000000,11,46,0,5821
1.316480,10,46,0,5058
1.392086,11,46,0,5440
0.000000,12,46,0,5618
0.000000,12,47,0,5461
0.000000,12,36,0,5674
0.000000,9,40,0,4573
2.616295,3,18,0,2254
2.484753,3,14,0,2032
2.123744,33,73,0,17243
15.285781,41,69,0,22068
1.778533,40,58,0,22091
1.619728,38,29,0,18747
0.984649,34,33,0,16382
0.838077,31,58,0,14403
0.707701,27,97,0,13343
0.000000,26,95,0,13385
0.918776,28,104,0,14635
0.707882,30,145,0,17079
1.073310,42,135,0,18395
1.460953,44,150,0,18660
1.405465,43,157,0,17994
1.455010,59,143,0,24307
1.434603,59,142,0,24996
1.492836,59,141,0,25377
1.330140,58,174,0,25524
0.000000,34,176,0,25878
1.549909,36,157,0,22304
0.000000,48,53,0,27144
1.681685,52,50,0,28053
0.000000,48,55,0,27938
1.965429,55,49,0,30066
0.000000,56,43,0,30707
0.000000,57,36,0,32044
0.000000,58,36,0,32851
1.793703,60,36,0,34748
0.000000,65,39,0,38425
1.382696,62,26,0,38106
1.646357,62,26,0,38694
0.000000,68,72,0,45797
0.000000,64,85,0,46687
1.047533,40,107,0,32018
1.772264,29,117,0,24404
1.602377,31,116,0,17900
1.480266,34,78,0,16807
0.000000,38,77,0,19166
0.000000,39,78,0,21197
0.000000,36,74,0,20172
0.000000,43,68,0,22451
0.000000,50,62,0,27319
0.000000,56,50,0,30978
0.000000,57,47,0,31305
0.000000,63,47,0,35796
0.000000,65,44,0,46840
0.000000,76,36,0,51555
0.000000,81,33,0,53446
0.000000,65,31,0,39099
0.000000,64,34,0,38429
0.000000,65,36,0,42351
16.748369,66,37,0,42958
3.083615,60,47,0,36824
3.965233,62,104,0,42001
2.613213,60,108,0,43254
18.669145,51,118,0,39329
2.182069,51,119,0,40420
0.000000,29,151,0,30714
2.336173,20,99,0,13013
2.555923,28,92,0,18419
0.000000,25,82,0,15591
0.000000,32,78,0,20591
2.432254,41,70,0,25863
2.821161,48,65,0,32378
0.000000,52,63,0,33787
2.300001,60,57,0,36510
0.000000,66,52,0,38091
0.000000,68,26,0,38679
0.000000,71,25,0,40856
2.287487,72,25,0,42109
0.000000,66,33,0,41904
0.000000,86,25,0,52850
0.000000,61,54,0,36719
2.406771,55,68,0,31000
1.778846,46,78,0,31423
1.227304,52,73,0,33168
1.377322,59,73,0,36529
0.000000,33,103,0,21933
1.483024,26,116,0,18375
0.986852,25,118,0,17785
0.996521,25,127,0,16882
19.611695,26,127,0,17954
0.000000,27,127,0,17785
0.000000,20,125,0,14807
1.184602,19,114,0,12751
0.000000,20,112,0,11090
1.241160,19,103,0,9894
0.000000,22,93,0,13639
0.000000,24,92,0,15413
0.000000,22,58,0,16238
2.176701,16,50,0,15156
0.000000,16,51,0,16087
0.000000,7,51,0,13003
0.000000,4,31,0,6665
0.000000,3,18,0,3193
0.000000,4,18,0,3243
0.000000,5,18,0,3611
0.000000,5,11,0,3310
0.000000,6,11,0,3633
0.000000,7,11,0,4085
0.000000,7,8,0,4108
0.000000,10,8,0,5348
0.000000,13,6,0,7195
0.000000,15,18,0,8782
0.000000,12,27,0,5910
2.121273,9,40,0,6121
21.519855,14,46,0,9450
1.951804,17,54,0,9386
1.660062,18,54,0,9636
1.320874,13,45,0,8112
1.008028,12,44,0,7667
1.132432,12,44,0,7725
1.124985,22,47,0,13017
1.070006,22,31,0,12705
0.000000,21,34,0,13063
0.000000,27,33,0,15930
0.000000,25,32,0,16304
0.000000,24,41,0,14826
0.000000,20,51,0,12328
0.001924,11,59,0,7280
3.893806,10,49,0,6200
3.326102,12,49,0,6906
0.000000,8,42,0,4548
2.103276,7,44,0,3969
0.000000,7,41,0,4009
1.832441,6,28,0,3307
0.000000,7,28,0,3910
0.000000,7,23,0,3729
0.000000,6,25,0,3495
0.000000,5,17,0,3393
3.593281,6,17,0,3793
0.000000,7,17,0,4494
3.756058,8,17,0,5027
0.000000,10,14,0,6037
0.000000,9,11,0,6077
2.011047,11,11,0,7421
0.000000,12,11,0,8206
1.834084,12,9,0,8557
0.000000,13,9,0,9142
1.240056,13,8,0,9414
1.586604,14,8,0,9813
0.000000,13,10,0,9953
1.391641,12,9,0,9808
19.932988,8,13,0,8305
1.589908,6,14,0,5628
1.742445,7,14,0,6256
1.241177,32,17,0,18291
1.087955,32,15,0,12997
1.235011,32,16,0,14291
1.463981,33,13,0,15114
0.000000,32,15,0,15654
1.118398,31,19,0,16400
1.165954,34,54,0,22715
1.128081,32,57,0,22766
1.404859,19,39,0,18396
1.447344,25,35,0,20337
0.000000,-1050667824,1722388148,-1038215168,1472520947
0.000000,32766,-1063663442,32766,1077800507
1.355885,64,1644044907,16,1441734622
0.000000,0,1075593334,1073741824,1078566699
0.000000,84,2143225502,-1038211264,1633324523
1.269410,0,-1068235810,32766,1078787834
0.000000,-1050667840,1647758512,17,-1151188674
1.582744,32766,-1062319211,1073741824,1078734459
0.000000,-710815154,1338679751,-1038214160,1404351227
1.962084,1074161830,-1060895927,32766,1078819187
0.994306,-914477367,1697154824,18,1658338413
1.121076,-1070561379,-1064124151,1073741824,1078619063
1.336042,-710815153,1840022501,-1038214832,-2011831401
1.620332,1074161830,-1068315961,32766,1077846174
1.649222,-2039320972,-345903433,19,1664385727
2.548500,1082392421,1079495450,1073741824,1077237969
1.341539,1329623388,2118734971,-1038210928,-1987642145
0.000000,1078465190,-1073449811,32766,1076582662
0.000000,-914477367,1874628965,20,-882083203
0.000000,-1070561379,-1073410660,1073741824,1075049344
0.000000,1329623387,-933528350,-1038214496,-1076147006
0.000000,1078465190,-1063155099,32766,1077548722
0.000000,-1005728116,-325071508,17,-1054431651
2.455360,1075054165,-1068232891,1073741824,1077985307
2.504588,641,-1286869917,-1038233552,-315010081
2.825069,0,-1070270455,32766,1077422377
22.156496,-1050624384,-905588433,3552,1559107488
3.068556,32766,-1078916581,0,1078167320
3.168368,-536870784,-669208450,148,409293203
23.867376,32766,-1074478682,0,1077153655
0.000000,0,1502198493,15,-1881264395
1.996974,0,1084195270,1073741824,1076015067
2.237073,0,-1809104325,-1038266432,617925535
1.901696,0,-1069240141,32766,1078287736
1.509802,50,-345383861,16,725402796
0.000000,32766,1080357000,1073741824,1077879145
1.587445,-1050667680,-1992067643,-1038225328,967845110
1.449110,32766,-1075431268,32766,1076964103
2.052575,64,-1685338252,17,216054035
1.746513,0,-1069785048,1073741824,1077412606
1.374455,84,1019603597,-1038224656,855420046
0.853480,0,-1075529234,32766,1077527320
1.670406,-1050667696,150296317,18,-1501108250
2.000178,32766,1079102031,1073741824,1076186348
20.708014,-1821611660,-447261312,-1038225664,-888405395
1.552314,1074315777,-1068965072,32766,1077497759
1.686984,-1028744045,617077008,19,913969041
2.367806,1079270537,1074128777,1073741824,1076147883
2.735286,-1821611660,-152334165,-1038266096,-1958505087
1.858795,1074315777,-1075028315,32766,1076268908
2.153272,705106118,594749948,20,-1722110087
24.749159,1083264104,-1075292015,1073741824,1077355504
1.179217,-673413402,-1283657338,-1038224992,-1402152203
22.696235,1077067074,-1077778700,32766,1077829828
0.664998,-1028744045,304,17,-1079720418
0.905324,1079270537,0,1073741824,1076206231
0.735120,-673413402,36,-1038226000,-384004436
0.807689,1077067074,0,32766,1077137420
0.898524,-2084830737,-1038179424,18,-1389507820
0.886446,1075071865,32766,1073741824,1080101638
0.673225,497,1092996270,-1038227632,1155311843
1.280453,0,-1071855646,32766,1080066861
1.526230,-1050624384,-328477900,-1553991120,-2009907256
1.418692,32766,1081272931,-1073953742,1080193039
0.000000,-536870784,305,1089,1649267442
1.303386,32766,0,0,1080151824
0.000000,0,-1038217616,-1038200704,657233076
1.369902,0,32766,32766,1078216865
1.476635,0,-1038281232,-536870784,-407369058
0.000000,0,32766,32766,1077003257
1.806893,51,-1334391098,0,992584122
20.106702,0,-1055430289,0,1077046525
0.000000,-1050667536,-1106548588,0,1238599849
0.000000,32766,-1062518904,0,1078250166
0.000000,64,839797577,11,700388907
0.000000,0,1091531739,1073741824,1077066924
1.755258,84,456070714,-1038217600,-1516226535
1.546941,0,1085987700,32766,1078235691
1.952843,-1050667552,264914497,12,1355972715
1.651120,32766,1090153618,1073741824,1076412579
1.178338,-1862486444,-306277762,-1038270128,-478012680
1.718892,1075543284,-1050477496,32766,1076436530
1.728073,712633486,-183058312,13,-1547562616
1.539327,1079404305,-1055604887,1073741824,1078704013
1.396995,-1862486447,-1194982797,-1038269456,-1970874593
1.190165,1075543284,-1055210094,32766,1077083761
1.042413,1689903022,1293933766,14,-2106114523
1.209096,1083081744,1083502868,1073741824,1077210109
1.272387,150041886,-537917399,-1038217056,1700669610
0.000000,-1072059575,-1058958513,32766,1076259693
1.380930,712633486,-752878794,15,-601707738
1.337899,1079404305,-1055264517,1073741824,1077346404
1.132532,150041884,-218379410,-1038269792,1782033471
1.419106,-1072059575,-1055875371,32766,1075247493
1.218148,1323995928,-470711338,16,-1296873965
1.002638,1075228829,-1055118483,1073741824,1075320957
1.152756,353,-1964518210,-1038211936,577243605
0.000000,0,-1061874699,32766,1075394668
1.529560,-1050624384,-642536647,17,-389227116
0.927783,32766,1087911625,1073741824,1075667783
1.173896,-536870784,-457891235,-1038215840,-448600744
1.630054,32766,-1063900837,32766,1077544799
1.843501,0,-569508204,18,1775161523
2.474332,0,-1063944809,1073741824,1076019222
2.367701,0,2007962002,-1038216512,1642395494
1.198979,0,-1054894291,32766,1076248225
1.609052,52,1568071866,19,-526391192
1.083809,0,-1060937396,1073741824,1078625634
0.930513,-1050667392,-1105538546,-1038269120,1801824680
0.861406,32766,-1059351838,32766,1078595965
0.849481,64,1648328411,20,-2088797215
0.967525,0,1082168580,1073741824,1078391542
0.721364,84,-1065525669,-1038216176,2085498680
0.528941,0,-1063075046,32766,1078049717
0.000000,-1050667408,-155850482,13,-1497809715
0.843583,32766,1091777194,1073741824,1077784128
0.838308,2064396654,1726200357,-1038278192,-1784782250
0.816275,1078659290,1086314633,32766,1077684916
0.833515,-2081630870,-1416667857,14,-931836105
0.604592,-1064981665,1088023061,1073741824,1077271757
0.000000,2064396653,-1384526026,-1038219952,2009632378
1.374324,1078659290,1082987898,32766,1078108969
1.315844,1840087499,-979481857,15,2098143064
1.819592,1085329042,-1059936745,1073741824,1078084983
1.391918,2013002545,-564072742,-1038278528,1122326494
1.683502,-1067700956,-1067899664,32766,1078142949
0.000000,-2081630870,1606707820,16,1485989965
1.691156,-1064981665,1085422131,1073741824,1077916242
0.000000,2013002545,-798767876,-1038248416,868339308
0.000000,-1067700956,-1058571666,32766,1076808097
0.000000,265560128,-1969385428,272,404345401
2.038802,1079787778,-1063235473,0,1076633977
1.580310,209,-1280134626,276,-1556358709
1.093599,0,-1062864884,0,1076911789
0.000000,-1050624384,1803990849,10,-1792203953
1.507673,32766,1079963634,1073741824,1078024631
1.543508,-536870784,-199603075,-1038257824,796046419
1.585086,32766,-1063005295,32766,1077982512
1.610371,0,1648,11,1915624133
1.765430,0,0,1073741824,1077403471
0.000000,0,36,-1038235776,-791373494
0.000000,0,0,32766,1075890182
0.000000,53,-1038151648,12,789174471
0.000000,0,32766,1073741824,1077835201
1.478437,-1050667248,-955748104,-1038257488,-1251244232
1.477340,32766,-1072516845,32766,1077956999
1.314779,64,498796417,13,1853501727
1.248620,0,1081195280,1073741824,1076009889
1.579480,84,641,-1038235104,247115238
1.326027,0,0,32766,1077352661
0.000000,-1050667264,-1038267456,14,-1097037727
1.274200,32766,32766,1073741824,1077391262
1.014675,604573820,-1038269808,-1038257152,-1990390924
0.885084,1076438312,32766,32766,1077387584
1.203423,-530646959,741104124,15,-1046735070
0.778676,1081112057,-1057588007,1073741824,1075716063
0.441719,604573821,1162879881,-1038235440,942556343
0.885925,1076438312,-1062626411,32766,1077530499
1.062879,47716937,2111324159,16,-1977471663
0.994651,1082899653,1087877451,1073741824,1076075465
1.041199,852436701,-44623588,-1038234224,-75866302
1.164487,-1069644366,1083050816,32766,1076803955
0.721557,-530646959,442761800,17,-1286703482
1.137346,1081112057,-1057981548,1073741824,1077427008
1.092811,852436701,-1264401766,-1038233552,1210837180
1.355893,-1069644366,-1053118507,32766,1075815987
1.319880,-311122665,-1739555511,18,4112
1.188561,1078351514,-1057413300,1073741824,0
0.000000,69,69,69,69
0.000000,0,0,0,0
1.219116,1,0,1,1
0.000000,0,32766,32766,32766
1.546861,-1064946496,-1038228016,-1061135056,-721910272
1.497056,32766,32766,32766,32766
1.642441,-1064946560,0,996812912,-711500128
1.719504,32766,0,32766,32766
0.000000,-1061132768,0,-734235392,0
0.000000,32766,0,32766,0
0.000000,971674,609483,338984,166923
0.000000,21845,-1058816033,1073741824,1083081843
0.000000,1909921377,1174827744,1176417104,693036506
0.000000,1061244046,1061430035,1062487549,1061333778
1.882133,64,-1381652133,14,-912254976
0.000000,0,1082146330,1073741824,32766
2.047104,101,69,85,69
2.522410,0,0,0,0
2.389908,1,0,1,1
2.109392,32766,32766,32766,32766
1.458057,-1030436496,-1038201760,-1050665744,-912252576
2.288711,32766,32766,32766,32766
2.820344,-1032575616,-1038219248,0,-912247456
1.530939,32766,32766,0,32766
1.028249,-1032552032,996808784,0,-721936992
0.628353,32766,32766,0,32766
0.589662,868039,850397,325848,23003
0.581457,32766,1081462247,1073741824,32766
0.469127,-519742784,160839206,996812976,-615972212
0.763035,32766,1061118236,32766,1061195785
0.926388,-519742752,-1634660407,996813032,176
1.094748,32766,1088797296,32766,0
1.003583,-519742752,69,996813040,69
28.818446,32766,0,32766,0
1.045428,8,1,11,1
0.000000,32766,32766,1073741824,32766
22.311142,-1029815920,-1038419584,69,-722022960
1.369628,32766,32766,0,32766
1.392248,96,-1037914176,1,-722018944
0.000000,0,32766,32766,32766
1.396620,53,-1038425872,-1050679200,-912259936
0.000000,0,32766,32766,32766
1.985715,109,64772,-1038230560,592313
1.738884,195,1084259979,32766,32766
1.793088,509,-248498010,996793696,-1063653032
0.000000,560,1061370014,32766,1061372832
0.000000,659,-451427938,7215,427816901
1.839298,714,-1066857305,1073741824,1065155141
0.000000,1337,69,1424819906,69
1.892904,1621,0,1061700232,0
1.608770,843280,1,15,1
0.000000,843281,32766,1073741824,32766
23.682783,69,996805344,69,-912264912
0.000000,0,32766,0,32766
0.000000,1,996760720,1,-912247776
1.861434,32766,32766,32766,32766
1.693084,-1064946496,-1060777632,-711509776,-722015808
1.877621,32766,32766,32766,32766
0.000000,-1064946368,530457,-1038225968,866701
0.000000,32766,32766,32766,32766
0.000000,-1038199728,-561124953,996797856,-596347181
0.000000,32766,1061334435,32766,1061230907
0.000000,966828,1164715963,273868,1
0.000000,-1051703495,1081383880,1073741824,32766
0.000000,-248498010,85,-2106192602,69
1.369109,1061370014,0,1061448327,0
0.000000,1792176582,0,19,0
0.000000,-1056717021,32766,1073741824,32766
0.000000,69,-1038202272,69,-912247968
0.000000,0,32766,0,32766
0.000000,1,0,1,-915662464
0.000000,32766,0,32766,32766
1.799869,-1068807952,0,1004346176,-721905776
1.274938,32766,0,32766,32766
1.355041,-1050326448,542303,-1064947152,567758
0.000000,32766,1088661530,32766,32766
1.512486,-1038195456,-1062431696,-1038414768,1598341071
0.000000,32766,32766,32766,1061292406
1.526662,14833,-1062431628,787754,4
1.714974,1096003769,32766,1073741824,32766
1.728615,1451688082,-1062431568,1003719445,85
0.000000,1061269909,32766,1061413269,0
1.524308,-930522761,1050659034,15,1
2.115310,1096423886,-1057224155,1073741824,32766
1.237970,69,69,69,-915679808
1.378516,0,0,0,32766
1.423850,1,1,1,0
1.732306,32766,32766,32766,0
1.271743,-1038205984,-1028990016,-1068807952,0
1.323724,32766,32766,32766,0
0.624087,-711510304,-1038203184,-1050675232,542307
0.000000,32766,32766,32766,32766
3.499566,-1038406224,-1038196320,-1037728896,-912499216
0.000000,32766,32766,32766,32766
0.000000,765540,330090,67524,-912499120
0.000000,-1057934474,-1058239883,1073741824,32766
3.280824,1449310059,920194372,-1476766780,-912499088
5.758395,1061251102,1061736893,1061363630,32766
0.000000,0,-1722977338,816,-912254896
0.000000,0,1082970620,0,32766
0.000000,69,69,69,69
4.627275,0,0,0,0
0.000000,1,1,0,0
3.227957,32766,32766,32766,32766
0.000000,-1038418144,996813792,-1038408944,-915135776
3.559958,32766,32766,32766,32766
0.000000,0,-1050677696,0,-915671232
4.938068,0,32766,0,32766
4.918909,-1038227184,-1038420928,0,-912253552
4.157756,32766,32766,0,32766
7.274604,100739,462541,323384,820091
5.052766,1091670709,1078080463,1073741824,1076966773
2.057597,1166122891,-624500265,87421313,-615972212
3.928669,1061017169,1061515984,1061313795,1061195785
0.000000,1860921584,-1587586359,15,-912254352
0.000000,1088457107,1089253864,1073741824,32766
0.000000,85,85,69,85
0.000000,0,0,0,0
0.000000,1,1,0,1
0.000000,32766,32766,32766,32766
0.000000,-1037728832,-1037446368,996771744,-912898368
5.056870,32766,32766,32766,32766
30.632343,0,-1020205520,-1038228400,0
28.196721,0,32766,32766,0
3.724910,0,-1038207696,996796160,-912265952
3.892278,0,32766,32766,32766
0.000000,109356,434297,20762,868037
30.690284,0,1083911899,1073741824,32766
0.000000,-1038230240,-734235072,-1241927679,-912251008
2.902479,32766,32766,1061597516,32766
2.424681,-1038230136,-734235008,19,-912250972
3.529669,32766,32766,1073741824,32766
6.515420,-1038230112,-734235008,69,-912250944
8.133117,32766,32766,0,32766
0.000000,846425220,-161177827,1,96
5.196798,1095788248,-1069851135,32766,0
5.309590,69,69,-1038203056,69
0.000000,0,0,32766,0
8.593971,0,1,0,0
0.000000,32766,32766,0,32766
0.000000,-1038203664,-1065742080,-1050678272,-721930352
0.000000,32766,32766,32766,32766
4.836777,996771216,-1071944800,402989,-912260720
3.889807,32766,32766,1073741824,32766
2.931040,996796032,-1071957312,-561124953,-915136864
0.000000,32766,32766,1061334435,32766
0.000000,525360,245610,15,39069
0.000000,-1052466449,32766,1073741824,32766
0.000000,-1241927679,-1640525349,85,273750652
0.000000,1061597516,1061026031,0,1060979588
0.000000,84286877,-1044317904,1,-912254800
0.000000,1090582589,32766,32766,32766
8.147248,69,85,-1038407984,69
3.547738,0,0,32766,0
3.132515,1,1,-1038231728,1
4.017678,32766,32766,32766,0
2.718079,-1038417632,-1038386800,0,-915133600
2.553724,32766,32766,0,32766
0.000000,-1061134688,-1071944736,331320,-912497344
0.000000,32766,32766,1073741824,32766
2.553795,996812112,996816816,883049506,-721919824
0.000000,32766,32766,1062060519,32766
2.169429,391147,218014,19,148863
3.370118,1091961660,32766,1073741824,32766
24.199084,-369866894,-1071954960,-1038212816,-1309660070
3.229008,1061209126,32766,32766,1061322482
0.000000,279058756,-1071954900,80,64
4.099775,-1055844292,32766,0,0
4.203999,85,-1071954896,277,149
2.748637,0,32766,0,0
0.000000,1,-1,8,29
2.696846,32766,256,20,185
0.000000,-1065528960,69,62,242
0.000000,32766,0,78,341
3.055099,-1038208032,1,80,506
0.000000,32766,32766,107,507
3.879389,-1038208304,-1071966096,222,652
0.000000,32766,32766,229,750
2.903749,434290,-1038216576,233,775
0.000000,-1050312643,32766,264,843
2.797347,-1038411552,-1071959264,306,975
0.000000,32766,32766,311,981
0.000000,-1038411476,261724,333,1120
3.119376,32766,0,429,1202
0.000000,-1038411424,1718500083,444,1304
16.689552,32766,1061203530,451,1375
0.000000,-1989056980,0,479,1467
0.000000,1094374364,0,512,1512
0.000000,69,53,514,609
3.908090,0,0,648,696
0.000000,0,20,662,739
0.000000,32766,194,674,850
0.000000,-1061133584,240,677,862
0.000000,32766,660,678,1030
5.596688,996800672,737,692,1105
0.000000,32766,1216,716,1129
5.734656,-1038410832,179961,724,1209
5.517763,32766,179962,735,1231
6.414378,282542,179963,737,1280
32.407537,1085358135,179964,848,1309
2.470188,-1513628353,69,853,1310
3.309124,1061102149,0,854,1435
2.580185,608,1,879,-912254144
0.000000,0,32766,911,32766
0.000000,69,996811040,924,69
36.817858,0,32766,926,0
2.654817,1,-1038428992,927,1
0.000000,32766,32766,1103,0
3.056609,-722026080,0,1104,-915679152
0.000000,32766,0,1108,32766
3.165489,0,676680,1295,-912253104
3.167203,0,1086854512,1319,32766
0.000000,-1038406560,1966590306,1340,-912263808
3.616835,32766,1061339945,1432,32766
0.000000,548622,3837504,1434,686591
3.777772,-1050091931,-1059193299,1451,21845
0.000000,1524967074,69,1454,1598341071
3.430905,1061529857,0,1501,1061292406
3.352344,-1389277637,0,17,64
0.000000,-1051528635,32766,1073741824,0
10.440815,69,-1038419648,-1038236112,149
0.000000,0,32766,32766,0
0.000000,0,0,18,27
0.000000,32766,0,1073741824,46
0.000000,-1037912672,0,-1038237120,68
0.000000,32766,0,32766,120
0.000000,-1050671728,350462,19,129
0.000000,32766,-1063496375,1073741824,167
0.000000,996812240,-1420621796,-1038270800,191
0.000000,32766,1061212060,32766,297
0.000000,319018,1865328366,20,306
28.855143,-1052757309,-1060300315,1073741824,378
0.000000,807392493,69,-1038236448,437
0.000000,1061781764,0,32766,456
6.304764,-168404463,0,-336785552,463
0.000000,1098274323,32766,-1063407041,476
0.000000,69,-1050678016,693,490
0.000000,0,32766,0,498
0.000000,1,0,566891,513
0.000000,32766,0,0,728
0.000000,-1038195456,0,862,740
0.000000,32766,0,0,745
36.587901,-915131456,58007,2552,771
6.888133,32766,-1064717887,0,966
7.116242,-1061132640,-1241927679,4,992
0.000000,32766,1061597516,1136931522,1015
0.000000,31613,798092101,1101120400,1047
23.583974,-1053754435,1079678381,1103669297,1081
0.000000,1575639543,85,0,1424
0.000000,1061266004,0,1136392437,1585
0.000000,0,137,-1038188896,1841
0.000000,0,440,1,1842
0.000000,69,698,6,-914344592
0.000000,0,892,0,32766
0.000000,1,1085,1065315304,4864
4.010344,32766,1190,0,0
0.000000,-1038232112,1365,2557,69
0.000000,32766,1504,0,0
0.000000,-1050674576,1554,0,1
0.000000,32766,1245,0,32766
0.000000,-734236368,1285,864,-721926512
3.403433,32766,1316,0,32766
3.134284,107016,1414,864,0
0.000000,1094705006,1456,0,0
0.000000,-1167944253,1457,0,0
0.000000,1060894357,1493,0,0
0.000000,-103938646,-1693444778,0,28241
0.000000,1093326759,1078164346,0,32766
0.000000,53,69,0,-795124138
0.000000,0,0,0,1061029281
0.000000,1,0,0,1699975356
0.000000,32766,32766,0,-1087428251
3.150638,-1061110016,-1064946368,0,69
2.119707,32766,32766,0,0
33.749207,-1022251776,0,0,1
2.970303,32766,0,0,32766
2.376246,0,0,0,-915679664
0.000000,0,0,0,32766
2.002840,-1050902864,965692,0,0
0.000000,32766,32766,1082456064,0
1.697059,85,730453478,0,0
0.000000,0,1060887364,1080254464,0
0.000000,0,1664737999,1073741824,488474
0.000000,32766,1081234092,1082427895,32766
0.000000,-1050665664,69,-1073741824,-1461704819
0.000000,32766,0,1069332043,1061190561
0.000000,-1020204928,0,0,-742291693
2.918741,32766,32766,0,-1062272139
5.071408,996804944,-1037913776,0,69
4.755912,32766,32766,0,0
3.185391,975464,0,0,0
2.968834,1076514559,0,0,32766
29.126460,-1038220496,0,0,-711493856
1.947209,32766,0,1111597468,32766
1.494649,-1038220424,199956,-1053502153,0
0.876895,32766,1086956208,1135758168,0
0.946845,-1038220368,-561124953,0,0
0.700482,32766,1061334435,0,0
0.985003,-15941261,929623234,0,266200
1.032893,1069650218,-1061705870,0,32766
0.921694,85,69,0,1544836476
0.000000,0,0,0,1061526051
0.000000,0,0,-1038189088,1
1.041417,32766,32766,32766,32766
0.000000,-1064776080,996793632,-1038189088,69
0.000000,32766,32766,32766,0
0.000000,-1050324848,0,0,0
0.000000,32766,0,0,32766
0.000000,1004346848,0,-1038284288,-915129328
0.000000,32766,0,32766,32766
1.603429,218016,185209,0,-721908752
0.000000,1082635137,-1058295178,0,32766
0.000000,996797392,1451688082,0,-912263104
0.000000,32766,1061269909,0,32766
0.000000,996797504,672722450,-1038189040,109869
0.000000,32766,-1060073332,32766,32766
0.000000,996797520,69,-1038189040,761309118
0.000000,32766,0,32766,1061266749
0.000000,853318468,1,0,0
0.000000,1074810928,32766,0,0
0.000000,85,-1038418144,-1038256816,69
0.000000,0,32766,32766,0
0.000000,0,0,0,0
0.000000,32766,0,0,32766
0.000000,-1066791616,0,0,-915137056
1.622680,32766,0,0,32766
0.000000,996745248,100989,-1038188992,-915133920
0.000000,32766,-1063884710,32766,32766
0.000000,-1038190208,1451688082,-1038188992,-721932080
0.000000,32766,1061269909,32766,32766
0.000000,325847,-802489537,0,641129
0.000000,1081082527,1077351140,0,0
0.000000,-1038399840,69,-1097014962,-1589134393
1.264939,32766,0,-1104570184,1061494142
0.000000,-1038399748,1,1064302014,-912257408
0.000000,32766,32766,0,32766
0.000000,-1038399712,996591856,1124024320,69
0.000000,32766,32766,2,0
0.000000,-780384795,0,1,1
0.000000,1074065176,0,32,32766
0.000000,85,-1038423488,-1038188480,-722024032
0.000000,0,32766,32766,32766
0.000000,1,952904,-1038188480,0
1.561632,32766,-1065788397,32766,0
0.000000,-1037732496,1793844517,-1038188448,0
0.000000,32766,1061357441,32766,0
0.000000,-1038196464,-40765803,-1038188448,135300
0.000000,32766,1082510819,32766,32766
0.000000,-1050665904,69,0,-795124138
0.000000,32766,0,0,1061029281
0.000000,868037,0,-1038188400,4
0.000000,1082184865,32766,32766,32766
0.000000,-1038403216,-1038413664,-1038188928,69
0.000000,32766,32766,32766,0
0.000000,-1038403176,0,-1038188856,1
0.000000,32766,0,32766,32766
0.000000,-1038403152,0,32,-916105696
0.000000,32766,0,0,32766
2.068316,883319414,312957,1,-721922192
0.000000,1073820499,0,0,32766
0.000000,69,343295098,-1143240432,-912507168
0.000000,0,1061329075,21845,32766
0.000000,0,-1038160544,-1038189328,169782
0.000000,32766,32766,32766,32766
0.000000,-1037912672,69,5,534927112
0.000000,32766,0,1,1061251521
0.000000,-1038413728,1,-1038188287,0
0.000000,32766,32766,32766,0
0.000000,-1038408944,-711511280,0,69
0.000000,32766,32766,0,0
0.000000,322832,0,-1028946112,1
0.000000,21845,0,32766,32766
0.000000,543932889,0,1101401429,-915368144
0.000000,1061397794,0,1117044650,32766
2.146516,64,439956,1433857696,-721926512
1.863692,0,-1059046875,21845,32766
0.000000,85,-561497963,0,-722023776
0.000000,0,1062717811,0,32766
0.000000,1,-2145850767,0,28292
0.000000,32766,1085839994,0,32766
0.000000,996591920,69,0,409088243
0.000000,32766,0,0,1060763700
0.000000,0,0,0,-1979435303
0.000000,0,32766,0,1053946729
0.000000,0,-711511424,0,69
0.000000,0,32766,0,0
1.799745,975473,-1038421696,0,1
1.894210,1079203077,32766,0,32766
0.000000,-1038405632,-1038230752,0,-721933808
0.000000,32766,32766,0,32766
0.000000,-1038405476,709128,0,-912251584
0.000000,32766,1081497714,0,32766
0.000000,-1038405376,920194372,0,-912506784
0.000000,32766,1061736893,0,32766
1.692166,1446999489,1771845154,0,251677
0.000000,1074361922,1085572788,0,32766
0.000000,693,69,0,-211853062
0.000000,0,0,0,1061565105
0.000000,569593,1,0,247777275
0.000000,0,32766,0,-1060606524
0.000000,869,-1038417696,0,69
0.000000,0,32766,0,0
0.000000,2564,0,0,1
0.000000,0,0,0,32766
0.000000,4,0,0,-912254752
0.000000,-1082130432,0,0,32766
0.000000,-1082130432,586201,0,-915667472
0.000000,1101345913,-1065575320,0,32766
2.259018,0,-1778171945,69,-915677872
0.000000,1145477718,1061304217,0,32766
0.000000,-1050665008,584533142,0,826108
0.000000,0,-1065161588,32766,32766
0.000000,7,69,-1064273648,761309118
0.000000,0,0,32766,1061266749
0.000000,1065077987,0,0,3
0.000000,0,32766,0,32766
0.000000,3427,-1038421888,0,69
2.109885,0,32766,0,0
0.000000,2573,0,1167,0
1.965552,0,0,21845,32766
0.000000,893,0,-1187235227,-915679216
0.000000,0,0,1061757539,32766
0.000000,893,265308,64,0
0.000000,0,1082255755,0,0
2.936519,0,-1298584576,69,0
0.000000,0,1061490817,0,0
0.000000,0,700084237,1,173934
0.000000,0,-1067882894,32766,32766
0.000000,0,69,-1021081424,1854032933
2.604159,0,0,32766,1061301869
0.000000,1114313911,0,-1031560928,7
0.000000,-1052020043,32766,32766,32766
0.000000,1136697613,-1038416080,-1039891184,69
0.000000,0,32766,32766,0
0.000000,1528,0,-1135232608,0
0.000000,0,0,21845,32766
0.000000,0,0,19,-711503648
0.000000,0,0,2023,32766
0.000000,0,444367,64,0
0.000000,1081057280,-1072711174,0,0
0.000000,0,-1420621796,117,0
0.000000,1080057856,1061212060,0,0
0.000000,536870912,976,-536870784,710704
0.000000,1080806504,0,32766,32766
0.000000,-1610612736,69,-536870784,1107252759
2.730260,1069853750,0,32766,1061615454
0.000000,0,0,0,192
0.000000,0,32766,0,0
0.000000,0,-722026400,-1038188512,69
0.000000,0,32766,32766,0
0.000000,0,996794016,50392384,0
1.563245,0,32766,-1474133744,32766
0.000000,0,-1062432720,134783018,-721931376
0.000000,1114313911,32766,272646368,32766
0.000000,-1052020043,33255,1917347856,0
0.000000,1136697613,32766,2139691074,0
0.000000,0,1966590306,1678705836,0
0.000000,0,1061339945,134415104,0
0.000000,0,-1214841571,0,617979
0.000000,0,-1058631657,0,32766
0.000000,-1069004496,69,1022133760,1908144063
0.000000,32766,0,1077230605,1061345852
0.000000,-1069004432,1,0,-643670294
0.000000,32766,32766,0,1082784042
0.000000,-1069004496,-1038409664,1280350913,69
0.000000,32766,32766,1070927042,0
0.000000,2,0,0,1
0.000000,0,0,0,32766
0.000000,1,0,117,-912503248
0.000000,0,0,0,32766
0.000000,0,444469,1434025680,-912489904
1.988578,0,-1058354109,21845,32766
1.460984,0,-1273563933,1434025680,0
0.000000,0,1060952449,21845,0
37.574213,-1050665152,-1668071201,0,586450
0.000000,32766,1080808642,1,-1070153306
0.000000,-1050665152,69,-1038188480,136218538
1.738961,32766,0,32766,1060897387
1.349303,0,1,-1038188480,-912252864
1.563302,0,32766,32766,32766
0.993885,0,-1062540272,32,69
1.386269,0,32766,0,0
1.041084,0,-1038226288,0,0
1.090215,32766,32766,1082325386,32766
1.095270,0,-1050677760,0,-912492688
0.981135,0,32766,0,32766
1.090778,-1050665104,458734,0,-912268688
0.915483,32766,1083252230,0,32766
0.000000,-1050665104,1461964772,0,-711506608
1.076783,32766,1061376606,0,32766
1.072472,0,1890259770,0,460670
0.000000,0,-1065439068,0,32766
1.263293,1034957030,69,0,761309118
1.312856,-1109387192,0,0,1061266749
1.602699,1065189586,1,0,32
1.630171,0,32766,0,0
1.630569,1124024320,-1038233264,693,69
2.453437,2,32766,0,0
2.009809,1,-1038233200,566892,1
1.975929,32,32766,0,32766
2.052458,-1137204416,0,862,-915136416
1.564168,21845,0,0,32766
1.710483,-1137204416,494976,2552,-721933040
4.382164,21845,1087368046,0,32766
2.511392,-1137204384,-119874731,10,-912251328
3.309415,21845,1061479323,1140458146,32766
3.616254,-1137204384,554207958,1124773033,102506
4.412022,21845,1084040464,1107493568,1076944311
3.467068,0,69,-1038268112,-615972212
0.000000,0,0,1140066755,1061195785
0.000000,-1019838272,0,-1038263328,-912252864
0.000000,32766,32766,1,32766
0.000000,-1050665040,-1038195200,6,69
4.903807,32766,32766,32766,0
4.304289,-1050664968,0,1065351657,0
0.000000,32766,0,32766,32766
5.715388,32,0,2555,-912254336
0.000000,0,0,0,32766
4.092769,1,244532,0,-912509696
