#Stereo rect[ms], MP culling[ms], MP creation[ms], LBA[ms], KF culling[ms], Total[ms]
9.593757,0.074687,0.718631,0.004343,0.004343,10.396014
9.671193,0.113619,4.331990,0.000723,0.000723,14.118870
9.859823,0.331918,8.336371,0.100830,0.100830,33.557686
11.304785,0.365937,11.998388,0.304069,0.304069,44.315661
10.906828,0.349796,15.449590,0.496914,0.496914,57.484345
9.229090,0.340708,16.483159,0.458876,0.458876,52.640721
8.861213,0.375567,17.234737,0.558120,0.558120,57.626063
8.673976,0.485515,22.059902,0.607585,0.607585,55.046644
8.833689,0.379500,25.978859,0.640735,0.640735,49.097994
8.041099,0.451578,26.809246,0.708091,0.708091,54.557914
7.983769,0.413745,26.882166,0.770887,0.770887,50.860045
7.778182,0.343965,26.277605,0.708478,0.708478,50.588800
8.071438,0.366028,28.007368,0.758774,0.758774,48.415972
8.229409,0.328743,29.849662,0.786356,0.786356,54.459977
7.976640,0.248162,20.527114,0.000000,0.000000,28.752065
7.483810,0.392136,26.953661,0.969157,0.969157,55.809393
8.669388,0.408749,25.972067,1.261784,1.261784,55.689018
8.993427,0.385080,28.041982,1.054638,1.054638,54.816084
8.232871,0.323224,27.028357,1.465594,1.465594,55.967982
7.979979,0.297017,27.233940,0.741416,0.741416,49.426991
8.793308,0.315892,29.416771,1.160681,1.160681,50.173402
8.972950,0.305380,29.136688,1.190530,1.190530,55.047246
7.590114,0.397381,24.435803,1.406542,1.406542,57.614194
9.169960,0.477775,26.121115,0.000000,0.000000,35.769254
8.874191,0.474219,26.543087,0.000000,0.000000,35.892112
9.816247,0.395612,29.640498,1.052552,1.052552,61.625025
9.464133,0.325331,26.934920,0.000000,0.000000,36.724600
9.579675,0.289023,27.021905,0.000000,0.000000,36.890793
10.013610,0.289766,28.506465,0.000000,0.000000,38.810259
10.156555,0.280625,29.960868,0.000000,0.000000,40.398258
10.619793,0.282356,32.747878,1.680256,1.680256,81.139965
10.845894,0.328686,32.766099,2.054761,2.054761,127.255407
9.531457,0.441927,31.347156,1.828388,1.828388,116.296078
9.091981,0.476718,32.238411,1.950780,1.950780,117.830851
8.804737,0.489010,27.541380,2.661178,2.661178,114.332984
11.858110,0.643485,23.222663,1.076809,1.076809,93.660040
9.201336,0.677185,11.889511,0.997687,0.997687,45.356606
9.840454,0.883664,11.793627,0.435682,0.435682,43.537328
10.950764,0.714150,16.386942,0.438144,0.438144,46.807302
10.901360,0.571873,20.160545,0.420104,0.420104,51.706475
10.970201,0.518237,28.107393,0.399631,0.399631,43.573367
9.013425,0.496524,28.246555,0.607793,0.607793,52.693346
7.014571,0.384525,21.232673,0.000000,0.000000,28.632011
7.499120,0.327247,24.457030,0.000000,0.000000,32.283639
7.397853,0.305082,24.033371,0.733629,0.733629,54.374849
6.253088,1.145514,23.788600,0.792558,0.792558,50.124542
6.961032,0.238727,25.153994,0.877436,0.877436,72.739000
8.532393,0.387544,27.366139,1.089005,1.089005,84.874646
10.270333,0.442850,33.885335,1.045800,1.045800,66.125424
9.614337,0.480106,35.154601,0.937274,0.937274,59.186969
8.795353,0.490381,32.052825,0.823456,0.823456,53.424001
9.729855,0.356632,3.324023,0.000000,0.000000,13.410827
7.498287,0.339056,25.864749,0.000000,0.000000,33.702288
6.979704,0.333439,26.055004,0.982421,0.982421,55.817643
8.592379,0.300886,19.679578,0.000000,0.000000,28.573036
8.741809,0.318409,26.589982,0.000000,0.000000,35.650483
7.411859,0.356979,5.534881,0.000000,0.000000,13.303965
7.903711,0.308606,28.126270,1.564039,1.564039,45.190305
7.729799,0.297030,29.133859,1.279036,1.279036,75.395877
8.609573,0.294207,29.597188,1.115431,1.115431,98.436873
9.254341,0.324067,32.097449,1.281133,1.281133,102.134549
8.895668,0.442345,30.983623,1.430464,1.430464,78.867719
10.202865,0.470980,23.854072,1.409795,1.409795,68.816044
8.600529,0.486344,11.460212,0.439948,0.439948,34.738082
6.741876,0.573039,9.794609,0.754182,0.754182,33.721971
6.982127,0.490436,6.647660,0.234616,0.234616,26.119627
7.525784,0.428020,9.234141,0.299174,0.299174,34.071731
6.861297,0.444599,9.241519,0.335572,0.335572,35.579612
7.079078,0.402014,12.863837,0.442565,0.442565,38.798656
7.747198,0.335602,12.801686,0.705074,0.705074,43.418547
7.172517,0.434481,14.620607,0.803567,0.803567,46.735677
6.053371,0.327231,14.431251,0.888538,0.888538,40.822954
7.334260,0.309391,16.679663,0.426047,0.426047,33.033355
6.727766,0.243129,17.802101,0.666702,0.666702,29.630055
6.155765,0.205935,19.247835,0.619755,0.619755,35.389742
6.047003,0.245656,17.026465,0.564345,0.564345,31.564839
6.290080,0.234445,17.572793,0.782231,0.782231,53.788214
6.004430,0.243646,17.292099,0.762019,0.762019,52.803242
6.680303,0.284667,17.237464,0.874125,0.874125,54.772844
5.562823,0.277375,15.383315,0.966173,0.966173,46.484255
5.964105,0.268280,16.919677,1.019025,1.019025,31.030498
6.138257,0.257186,16.366860,1.062943,1.062943,56.121662
6.305331,0.270686,16.359390,1.014598,1.014598,30.994148
6.028969,0.316475,19.057656,0.000000,0.000000,25.403488
5.330680,0.260226,13.483632,1.267126,1.267126,42.500153
7.120525,0.225296,18.623739,0.000000,0.000000,25.970115
7.257867,0.229135,17.368075,1.109240,1.109240,42.408499
7.688359,0.236093,19.579792,0.000000,0.000000,27.504523
7.395215,0.237869,5.941545,0.000000,0.000000,13.574767
7.243118,0.284756,7.922572,0.000000,0.000000,15.450578
7.017927,0.292778,22.708364,1.333650,1.333650,41.573054
7.726124,0.281346,24.474489,1.363273,1.363273,56.472655
6.873082,0.297293,22.105073,1.244537,1.244537,68.015517
6.551100,0.282162,20.089837,1.263738,1.263738,89.210733
8.055058,0.384690,21.821552,1.076995,1.076995,48.635213
6.353405,0.340120,18.650774,1.081117,1.081117,48.880636
5.342504,0.334039,18.411434,1.177307,1.177307,47.163239
6.344507,0.306142,18.070238,1.265871,1.265871,33.916518
5.759538,0.263435,19.579421,0.000000,0.000000,25.602925
6.100325,0.295051,18.427870,1.219513,1.219513,34.285613
5.824449,0.303284,17.124048,1.083073,1.083073,32.448240
5.717714,0.276964,18.215721,0.915582,0.915582,73.921783
6.252766,0.260780,17.496364,1.397292,1.397292,54.298126
6.570985,0.257044,17.366354,1.244413,1.244413,32.611166
6.019456,0.255226,16.675282,1.320533,1.320533,48.255551
6.684728,0.305179,17.125938,1.293815,1.293815,69.431219
6.032435,0.327725,16.845807,1.049729,1.049729,65.927777
6.701595,0.356478,17.273577,1.545368,1.545368,75.233905
7.473458,0.464150,20.268181,1.596843,1.596843,56.795948
7.345253,0.555971,18.011888,1.854810,1.854810,35.951744
6.913879,0.492692,19.054126,1.671314,1.671314,35.145101
8.118520,0.373785,21.737279,1.100336,1.100336,51.783920
8.156993,0.393349,24.017491,1.290360,1.290360,55.228965
7.073705,0.373338,17.983314,0.000000,0.000000,25.430718
5.289091,0.401893,16.087816,1.284408,1.284408,37.462152
5.040698,0.191668,16.607579,0.885780,0.885780,30.106929
5.447116,0.143005,16.340060,1.456955,1.456955,30.065154
6.468742,0.191587,17.641769,1.089028,1.089028,73.631604
6.637958,0.236422,19.949342,1.539431,1.539431,81.384148
8.007165,0.289615,20.427177,1.485544,1.485544,92.379801
8.810934,0.533566,27.406628,1.046922,1.046922,82.774286
7.913014,0.439364,21.009012,1.735239,1.735239,68.948086
7.462405,0.432339,19.693204,1.528450,1.528450,75.144097
6.646843,0.415012,17.444698,1.049724,1.049724,69.116917
5.696132,0.403834,16.818076,1.103287,1.103287,49.533494
6.572445,0.334485,3.780652,0.000000,0.000000,10.687888
5.896504,0.263265,9.401767,0.000000,0.000000,15.561761
5.729145,0.254570,8.594816,0.000000,0.000000,14.578930
5.050364,0.199212,13.416433,0.000000,0.000000,18.667313
4.950818,0.160105,14.411610,0.000000,0.000000,19.522883
5.544178,0.140942,4.277346,0.000000,0.000000,9.962690
5.326213,0.123862,11.465238,0.000000,0.000000,16.915882
5.598300,0.138123,10.853092,0.000000,0.000000,16.589791
5.210843,0.114291,12.928907,1.205610,1.205610,39.703630
5.388591,0.115986,14.488363,1.070787,1.070787,49.705719
5.670966,0.134444,15.582175,1.807625,1.807625,85.710866
5.863524,0.170317,14.758167,1.269422,1.269422,83.155267
6.075032,0.212105,19.870640,2.046199,2.046199,86.073569
6.639974,0.277486,14.820106,1.767285,1.767285,72.985227
4.305005,0.241355,6.633977,0.866721,0.866721,47.126012
4.841291,0.279936,5.800803,0.924518,0.924518,29.887565
5.267655,0.189410,6.063178,0.876938,0.876938,30.166845
6.109850,0.201443,9.850125,0.576895,0.576895,29.818492
6.731423,0.210339,9.500566,0.797500,0.797500,31.739768
6.616576,0.250393,9.903785,0.549758,0.549758,36.213067
7.077258,0.258718,13.015948,0.605502,0.605502,43.817694
7.344288,0.306105,15.079104,0.779150,0.779150,50.019390
6.446792,0.284769,15.067045,0.978569,0.978569,38.105630
7.672466,0.348295,16.156151,1.217577,1.217577,50.757929
6.185044,0.303493,15.905620,1.183791,1.183791,50.317787
5.617097,0.314367,14.138480,0.971297,0.971297,31.772879
5.889755,0.272596,14.956202,1.010307,1.010307,27.421975
5.881540,0.233179,14.953383,1.019583,1.019583,32.170459
5.751157,0.222046,16.158354,0.940635,0.940635,32.883312
6.013293,0.217495,16.888379,0.565698,0.565698,47.224271
6.446121,0.268358,17.435772,0.899449,0.899449,50.778073
7.333031,0.313407,19.767105,0.989770,0.989770,56.543075
7.561023,0.388441,20.475800,0.952261,0.952261,35.938191
8.450971,0.376769,21.196964,0.000000,0.000000,30.024912
8.028984,0.370132,22.978144,1.383388,1.383388,40.510287
10.308767,0.351930,26.021653,0.000000,0.000000,36.682952
8.154568,0.362530,2.761272,0.000000,0.000000,11.278607
8.561219,0.396450,5.296480,0.000000,0.000000,14.255059
8.431826,0.424263,27.685668,1.561271,1.561271,67.043976
10.177383,0.359243,29.484125,1.541290,1.541290,75.069709
9.569780,0.381301,30.424650,1.571190,1.571190,52.549784
10.094775,0.394985,19.439629,0.000000,0.000000,29.930630
8.602430,0.464802,28.396132,0.000000,0.000000,37.463564
8.502048,0.377486,30.172834,0.000000,0.000000,39.052684
8.329918,0.352070,27.104173,0.000000,0.000000,35.786388
8.916491,0.326912,24.818582,0.000000,0.000000,34.062263
8.520963,0.311715,30.027175,1.859052,1.859052,53.711408
9.102138,0.300040,15.519537,0.000000,0.000000,24.921954
9.188702,0.336533,28.446295,0.000000,0.000000,37.972180
9.385393,0.365462,10.158189,0.000000,0.000000,19.909217
8.827142,0.283200,6.685277,0.000000,0.000000,15.795807
8.466616,0.249760,9.087989,0.000000,0.000000,17.804708
7.899464,0.228467,10.036713,0.000000,0.000000,18.164918
9.368119,0.220170,10.887321,0.000000,0.000000,20.475928
9.948905,0.223593,10.759803,0.000000,0.000000,20.932617
9.438324,0.221221,9.042210,0.000000,0.000000,18.702212
10.065373,0.212016,12.594939,0.000000,0.000000,22.873239
11.098936,0.212541,12.163187,0.000000,0.000000,23.474885
11.449579,0.190550,38.446783,2.649050,2.649050,153.898871
10.797707,0.270611,36.505579,2.605489,2.605489,225.467724
11.554076,0.323340,38.912020,6.611913,6.611913,245.677237
9.718290,0.435744,34.551223,3.084934,3.084934,239.233535
10.849428,0.461125,32.023178,4.770026,4.770026,215.038497
7.751723,0.477528,26.188665,2.087832,2.087832,98.185218
8.489363,0.402442,10.658133,1.719384,1.719384,46.136285
7.396462,0.425028,11.749294,0.538529,0.538529,45.447821
7.934135,0.395373,10.588859,0.480668,0.480668,37.707537
7.770113,0.417273,12.612754,0.604308,0.604308,40.179656
7.305287,0.322745,13.697266,0.647667,0.647667,36.278537
6.850496,0.288324,4.939453,0.000000,0.000000,12.078495
5.759712,0.228217,8.916471,0.000000,0.000000,14.904679
6.696610,0.223654,10.183851,0.000000,0.000000,17.104270
6.762758,0.208556,18.371058,0.632011,0.632011,35.586006
6.563321,0.225379,4.947255,0.000000,0.000000,11.736310
5.671887,0.163491,20.055504,0.908690,0.908690,45.519574
7.396833,0.250565,19.105829,0.988347,0.988347,49.165233
7.989986,0.404506,21.679140,1.014248,1.014248,58.479282
7.901166,0.325620,28.281285,0.685449,0.685449,61.616796
7.414679,0.363064,20.889120,0.000000,0.000000,28.667113
7.214488,0.340353,22.484932,1.187896,1.187896,65.061326
9.453483,0.399596,24.401278,0.000000,0.000000,34.254652
8.349904,0.374290,24.375998,1.020740,1.020740,64.734699
7.927301,0.474691,23.985289,0.000000,0.000000,32.387639
8.581911,0.409849,31.135265,1.681253,1.681253,59.532205
9.567465,0.438007,27.377283,0.000000,0.000000,37.383320
7.638080,0.330649,24.693951,0.000000,0.000000,32.662913
12.260495,0.495000,26.251602,0.000000,0.000000,39.007447
8.264014,0.432260,27.264294,1.665656,1.665656,63.290167
7.550556,0.348424,33.281160,1.318800,1.318800,52.398610
7.302474,0.355284,27.554786,1.396735,1.396735,54.090595
11.893316,0.359505,13.554080,0.000000,0.000000,25.808277
9.286385,0.354225,23.068507,0.000000,0.000000,32.709307
7.143124,0.344581,6.193588,0.000000,0.000000,13.681467
7.138265,0.338793,30.441697,0.000000,0.000000,37.919072
7.616452,0.367362,27.181186,0.890438,0.890438,56.724579
7.689181,0.336320,27.203003,1.197261,1.197261,61.109121
9.136194,0.441532,24.362631,0.000000,0.000000,33.940616
7.878711,0.378779,25.584044,0.000000,0.000000,33.841739
7.627742,0.372585,29.756535,0.000000,0.000000,37.757538
8.058442,0.391125,27.181407,1.572397,1.572397,46.963702
7.918531,0.331059,24.047058,0.000000,0.000000,32.296869
7.406302,0.398665,26.849702,0.000000,0.000000,34.654990
7.877869,0.385923,27.283616,0.000000,0.000000,35.547781
8.029285,0.413182,27.105718,0.000000,0.000000,35.548534
12.164916,0.425221,6.556890,0.000000,0.000000,19.147302
8.233716,0.342401,29.622325,0.000000,0.000000,38.198866
8.588409,0.351096,27.907534,0.000000,0.000000,36.847545
14.673651,0.466688,30.890694,0.000000,0.000000,46.031505
8.838201,0.365599,28.638719,0.000000,0.000000,37.842842
9.800893,0.457242,36.205283,1.861973,1.861973,60.538120
8.421586,0.357139,29.181709,1.986927,1.986927,53.590512
8.516750,0.378129,32.932328,2.491845,2.491845,56.233232
7.860530,0.379496,23.081449,0.000000,0.000000,31.321672
8.522114,0.362575,27.524268,0.000000,0.000000,36.409417
8.592818,0.323343,27.101993,2.452675,2.452675,53.580227
9.064421,0.278864,2.260016,0.000000,0.000000,11.603755
7.993253,0.201804,2.225531,0.000000,0.000000,10.420823
10.878042,0.179681,10.389401,0.000000,0.000000,21.447312
8.260054,0.209913,11.040667,0.000000,0.000000,19.510840
8.062827,0.221367,11.197305,0.000000,0.000000,19.481916
8.435783,0.211700,12.559622,0.000000,0.000000,21.208503
8.954999,0.200673,16.739676,0.000000,0.000000,25.895588
9.331182,0.215203,11.831522,0.000000,0.000000,21.378154
9.953916,0.230965,10.936748,0.000000,0.000000,21.121861
10.806930,0.220969,12.156729,0.000000,0.000000,23.185931
10.317737,0.216186,11.951652,0.000000,0.000000,22.485956
11.757219,0.209788,35.268790,3.086314,3.086314,81.482603
11.485795,0.260330,5.676762,0.000000,0.000000,17.423992
10.810120,0.155634,37.749880,3.025057,3.025057,203.065618
11.237707,0.307612,29.509236,3.921855,3.921855,159.433483
9.635941,0.273013,27.996107,1.912414,1.912414,215.224663
7.226024,0.478263,21.209068,2.935145,2.935145,117.364739
6.810161,0.421807,8.445105,1.731790,1.731790,40.569902
6.731985,0.686084,7.849263,0.360514,0.360514,28.360144
8.216840,0.528092,9.831653,0.362844,0.362844,38.453855
9.279874,0.505340,18.214433,0.413780,0.413780,46.801218
10.114779,0.570502,15.281138,0.464665,0.464665,37.911674
10.212065,0.500884,19.132265,0.495542,0.495542,38.736942
10.110796,0.459090,6.646298,0.000000,0.000000,17.217305
8.264516,0.367734,24.236578,0.707495,0.707495,62.103950
12.612860,0.461769,35.013657,0.934035,0.934035,87.930345
9.589991,0.633790,36.701548,1.034050,1.034050,89.677789
9.738203,0.692318,37.192932,0.947547,0.947547,64.013774
9.414367,0.654638,23.579910,0.000000,0.000000,33.650361
8.753284,0.662439,36.726125,0.000000,0.000000,46.142424
9.295662,0.665189,34.009334,1.010266,1.010266,56.653500
8.640509,0.526537,22.385425,0.000000,0.000000,31.552835
11.766039,0.414372,34.397385,1.056376,1.056376,64.184576
10.792567,0.662775,46.185949,1.130375,1.130375,66.035990
9.518908,0.487943,37.375666,1.382659,1.382659,56.110086
8.508436,0.533274,40.618673,1.256099,1.256099,58.693942
10.199252,0.537022,34.236997,1.441874,1.441874,53.928532
9.253753,0.463680,36.971107,0.000000,0.000000,46.688968
8.009198,0.483318,27.264563,0.000000,0.000000,35.757409
8.136555,0.456866,26.074215,1.585953,1.585953,60.467844
8.019070,0.369773,24.668210,0.000000,0.000000,33.057327
6.879953,0.338916,25.259807,1.458793,1.458793,44.053413
8.594837,0.340245,26.625668,1.427220,1.427220,46.247266
8.343706,0.338127,23.298061,0.000000,0.000000,31.980090
8.161399,0.344680,23.251631,0.000000,0.000000,31.757917
9.342168,0.355993,31.512925,1.892055,1.892055,54.936008
9.573477,0.325302,15.840061,0.000000,0.000000,25.739101
8.809892,0.363834,31.266973,2.123801,2.123801,54.852782
9.217200,0.352862,24.126172,0.000000,0.000000,33.696484
9.735024,0.342078,27.313778,2.253982,2.253982,131.691906
8.117573,0.385950,34.927143,1.969755,1.969755,106.128036
8.546658,0.409479,30.756108,1.591131,1.591131,84.525782
7.136698,0.455080,22.511898,2.223120,2.223120,75.984319
7.938847,0.416241,18.889794,0.000000,0.000000,27.245149
6.086424,0.360348,7.878868,0.000000,0.000000,14.326012
6.881342,0.323236,10.555543,0.000000,0.000000,17.760363
6.406359,0.274738,8.157440,0.000000,0.000000,14.838772
11.286052,0.261729,6.578425,0.000000,0.000000,18.127857
6.787324,0.216960,16.577779,0.000000,0.000000,23.582424
5.923296,0.179611,4.165177,0.000000,0.000000,10.268453
6.789306,0.158220,16.318279,0.000000,0.000000,23.266264
7.564870,0.215553,4.386813,0.000000,0.000000,12.167555
7.301517,0.214840,23.402575,0.000000,0.000000,30.919623
6.984778,0.244131,0.980884,0.000000,0.000000,8.210038
7.143195,0.182700,5.229011,0.000000,0.000000,12.555127
7.330040,0.174530,17.442607,0.000000,0.000000,24.947419
7.634878,0.202479,1.927262,0.000000,0.000000,9.764937
7.942790,0.172283,9.560082,0.000000,0.000000,17.675434
10.252060,0.278219,30.389549,2.865068,2.865068,66.963369
9.058197,0.298686,26.077363,3.829987,3.829987,62.963527
9.593163,0.363455,23.885712,3.158760,3.158760,61.572770
10.482558,0.373416,29.728743,2.585118,2.585118,61.905736
8.865968,0.433120,26.051738,1.688420,1.688420,56.939287
10.775714,7.687795,28.968414,3.090679,3.090679,75.867095
12.590029,0.683749,32.911391,3.150433,3.150433,72.709660
12.261988,0.623964,34.492090,2.886504,2.886504,73.550467
13.107943,0.961945,4.666197,0.000000,0.000000,18.736367
12.084835,0.795623,34.547788,1.712147,1.712147,83.012975
12.430854,0.670959,31.455670,0.000000,0.000000,44.557710
9.997816,0.569837,44.693545,0.000000,0.000000,55.261658
11.970360,0.632818,30.371635,0.000000,0.000000,42.975253
10.625454,0.638901,26.506279,0.000000,0.000000,37.772308
9.845588,0.582000,41.598800,2.610822,2.610822,78.971283
10.486586,0.570908,45.233823,1.611224,1.611224,69.142601
10.489426,0.519983,47.244430,1.944277,1.944277,72.649233
12.248609,0.712141,54.744856,1.638470,1.638470,93.845141
12.299224,0.648963,43.074513,0.000000,0.000000,56.022967
11.106230,0.815678,51.077608,1.397435,1.397435,73.813387
12.573103,0.647426,50.421214,0.000000,0.000000,63.642617
11.288369,0.592292,44.570724,1.423132,1.423132,104.706707
11.949206,0.563308,46.275775,4.202838,4.202838,127.785226
10.751984,0.670429,44.963652,4.725810,4.725810,114.737984
14.598386,0.787558,25.740324,1.033814,1.033814,81.613350
10.993357,0.768380,26.830056,0.581982,0.581982,75.850213
11.007520,0.853867,18.810144,1.077356,1.077356,65.354426
9.773521,0.675581,18.184881,0.488804,0.488804,47.943906
8.639045,0.670503,19.774060,0.463101,0.463101,52.764134
8.888857,0.708956,18.133235,0.546399,0.546399,49.411413
9.039207,0.658936,27.256901,0.675971,0.675971,63.643571
9.438095,0.600304,22.768863,7.871988,7.871988,67.772660
8.896158,0.544284,26.817074,0.761423,0.761423,50.566089
10.531702,0.579135,23.942131,0.000000,0.000000,35.053204
13.253006,0.596651,24.649880,0.000000,0.000000,38.499936
9.693992,0.608863,6.537126,0.000000,0.000000,16.840444
9.165503,0.446472,9.204274,0.000000,0.000000,18.816472
8.987445,0.401653,6.042065,0.000000,0.000000,15.431449
8.671978,0.340148,33.065649,0.000000,0.000000,42.079550
9.102917,0.419672,32.224782,1.035131,1.035131,60.835405
8.520625,0.427722,42.893356,0.963463,0.963463,66.536898
9.990492,0.429921,38.177466,0.000000,0.000000,48.598186
9.803745,0.468620,28.411698,0.000000,0.000000,38.684303
9.025951,0.604085,6.695957,0.000000,0.000000,16.326227
8.594233,0.530145,23.185117,0.000000,0.000000,32.309839
6.940166,0.418921,29.868607,1.412501,1.412501,64.463398
7.371545,0.470504,29.184353,1.405849,1.405849,72.559459
9.361171,0.460228,38.359623,0.000000,0.000000,48.181332
9.400867,0.450728,29.487242,0.000000,0.000000,39.339264
9.175344,0.569492,34.467081,0.000000,0.000000,44.212536
9.228442,0.465118,22.565055,0.000000,0.000000,32.260585
9.073764,0.538579,36.958865,1.625337,1.625337,69.944487
9.160826,0.591749,22.945808,0.000000,0.000000,32.698783
10.594000,0.567428,31.759962,1.440374,1.440374,57.792288
10.714756,0.648516,32.858265,1.165622,1.165622,55.145748
8.703296,0.402234,21.101819,0.000000,0.000000,30.207772
9.320099,0.505703,39.242842,1.131274,1.131274,64.439067
10.285913,0.865718,28.879445,0.000000,0.000000,40.031379
8.950677,0.638228,41.442704,1.289990,1.289990,58.111319
7.987907,0.652378,32.134256,1.151366,1.151366,53.178815
7.992258,0.494782,28.438927,1.097466,1.097466,54.309493
8.431265,0.441714,21.575898,0.000000,0.000000,30.449148
9.084810,0.480217,26.832826,0.000000,0.000000,36.398354
10.027063,0.538122,29.642736,0.000000,0.000000,40.208135
10.415317,0.517367,4.655065,0.000000,0.000000,15.588914
10.833628,0.491309,5.078950,0.000000,0.000000,16.404227
10.672553,0.433289,9.886062,0.000000,0.000000,20.992893
9.771100,0.423561,30.525867,0.000000,0.000000,40.721967
11.619389,0.442781,22.322749,0.000000,0.000000,34.385111
13.087874,0.551435,24.797874,0.000000,0.000000,38.437353
20.137100,0.717543,53.400655,0.000000,0.000000,74.255647
13.742552,0.704011,24.989395,0.000000,0.000000,39.436112
12.679575,0.660633,49.725188,0.000000,0.000000,63.065743
12.675863,0.752271,55.185906,0.000000,0.000000,68.614423
14.557996,0.692416,44.158700,0.000000,0.000000,59.409330
14.403810,0.689220,27.044452,0.000000,0.000000,42.137711
12.495150,0.657237,54.750342,0.000000,0.000000,67.902979
11.820338,0.777569,53.499021,0.000000,0.000000,66.097267
13.017656,0.837838,44.101589,0.000000,0.000000,57.958795
11.523338,0.751846,33.157114,0.000000,0.000000,45.432516
11.658707,0.643499,25.347789,0.000000,0.000000,37.651848
10.716769,0.544254,27.546212,0.000000,0.000000,38.807499
15.527771,0.472318,43.871540,1.430694,1.430694,69.782158
11.516764,0.517036,50.810954,0.000000,0.000000,62.845318
10.650623,0.492443,43.136639,1.298270,1.298270,63.853372
9.922715,0.642943,46.037263,0.000000,0.000000,56.603288
7.332200,0.542714,30.289071,1.369335,1.369335,58.557273
6.594328,0.435434,28.345789,2.229593,2.229593,96.664168
6.310885,0.440135,22.365523,2.308873,2.308873,74.451723
5.791200,0.438175,19.089452,1.546722,1.546722,76.419145
5.186929,0.413216,17.014726,1.612409,1.612409,66.591819
4.488099,0.292206,14.903465,1.697635,1.697635,63.314418
5.581835,0.273309,10.717361,1.195641,1.195641,44.469299
14.937355,0.282475,7.631956,0.862621,0.862621,42.495843
7.679641,0.275922,9.599003,0.572852,0.572852,37.703888
7.541009,0.413947,11.510924,0.603758,0.603758,55.337969
8.385474,0.466313,13.472490,0.646399,0.646399,45.501078
7.747836,0.420658,15.262667,0.751802,0.751802,49.998792
9.379348,0.481420,17.939170,0.841379,0.841379,58.767623
9.225870,0.493704,30.009432,0.538566,0.538566,62.196033
10.229026,0.479073,23.687377,0.751066,0.751066,85.146556
9.499080,0.579237,28.212080,1.054102,1.054102,45.537879
11.533948,0.547058,34.274776,0.851922,0.851922,67.331477
11.283531,0.645460,36.831540,1.523935,1.523935,57.119474
9.670950,0.605646,31.214124,0.000000,0.000000,41.491100
9.283411,0.615167,32.703280,1.290036,1.290036,64.944914
10.654501,0.533985,45.325288,1.158602,1.158602,65.817949
11.375840,0.518239,40.289021,1.202304,1.202304,75.266896
10.187567,0.589095,50.268791,1.454888,1.454888,78.052025
13.748369,0.627529,52.411012,0.000000,0.000000,66.787270
11.778013,0.646320,25.153623,0.000000,0.000000,37.578168
9.835860,0.720422,26.571301,0.000000,0.000000,37.127810
8.618312,0.562782,40.570353,0.000000,0.000000,49.751783
10.289049,0.519743,42.691198,1.411151,1.411151,63.011727
14.704291,0.488607,39.419282,1.364601,1.364601,82.258145
8.200621,0.469636,44.490471,0.000000,0.000000,53.161184
8.307058,0.472324,31.837494,1.428381,1.428381,74.682244
7.283394,0.518352,35.853849,1.339208,1.339208,81.527211
7.039849,0.432300,24.921058,1.943257,1.943257,82.725144
6.946356,0.403331,22.801749,1.721214,1.721214,78.176853
5.638745,0.424335,19.906241,1.752325,1.752325,73.062355
4.643472,0.384515,22.898847,1.347217,1.347217,62.516445
5.195598,0.320166,9.620487,1.099962,1.099962,29.091814
5.262055,0.231352,3.902293,0.000000,0.000000,9.395950
4.794433,0.171241,9.520757,1.267015,1.267015,37.915520
5.916114,0.189421,5.283088,0.000000,0.000000,11.388870
5.604243,0.168684,11.118825,0.000000,0.000000,16.892253
7.138639,0.218608,10.888433,0.000000,0.000000,18.245952
8.422675,0.216997,15.644163,11.547318,11.547318,45.833189
9.327426,0.207678,20.531835,1.277063,1.277063,66.050930
9.884475,0.348855,32.428848,1.448487,1.448487,87.781099
9.705084,0.426368,23.937003,1.342507,1.342507,80.109334
9.185492,0.518117,23.256847,1.611076,1.611076,80.317940
7.201675,0.541902,22.097340,1.388864,1.388864,80.878215
8.063498,0.620324,22.707149,1.948030,1.948030,86.064177
6.653021,0.525581,20.078595,1.889903,1.889903,76.584625
7.488344,0.540938,14.645418,1.622085,1.622085,58.562319
8.784505,0.622857,25.465438,1.794936,1.794936,76.114780
10.435081,0.587796,17.418272,1.565081,1.565081,53.511661
9.698033,0.710150,20.832521,1.006369,1.006369,59.687213
8.018632,0.617802,19.829339,0.930608,0.930608,62.738327
7.904177,0.625459,28.516346,0.844465,0.844465,54.132604
6.498550,0.514315,18.298648,0.538568,0.538568,53.036470
6.458988,0.435238,29.595958,0.722454,0.722454,54.232215
6.785501,0.430256,22.828672,0.952535,0.952535,48.872734
6.802945,0.412450,23.209448,1.067702,1.067702,68.374318
7.477638,0.448117,25.473838,0.845158,0.845158,50.772264
8.771346,0.474939,37.510755,1.482619,1.482619,65.856198
9.772243,0.493499,19.976717,0.000000,0.000000,30.242670
8.235084,0.581625,28.506015,1.810391,1.810391,65.060997
9.586723,0.633520,27.301701,1.433939,1.433939,52.726096
6.728705,0.443423,20.654963,0.000000,0.000000,27.827615
13.489748,0.435499,22.696138,1.452758,1.452758,44.983869
7.057889,0.364013,23.290266,0.000000,0.000000,30.712498
7.483353,0.359427,24.498735,0.000000,0.000000,32.341893
12.537651,0.431112,5.938197,0.000000,0.000000,18.907140
6.793621,0.345279,24.758767,1.588332,1.588332,42.374752
7.181778,0.293874,24.584180,1.769705,1.769705,84.257618
7.307508,0.400054,23.843264,1.979612,1.979612,75.276424
7.619526,0.353139,35.289150,1.248906,1.248906,64.238143
8.772851,0.412921,25.825364,1.250120,1.250120,57.199316
7.378853,0.402955,34.938796,1.277687,1.277687,52.940279
8.464224,0.401892,17.137472,0.000000,0.000000,26.005349
8.847124,0.610761,30.516538,0.000000,0.000000,39.974726
8.339203,0.409693,7.708373,0.000000,0.000000,16.457612
8.078789,0.363587,27.024584,2.244726,2.244726,47.528811
7.220436,0.324928,21.544339,0.000000,0.000000,29.090024
6.910161,0.322438,33.989345,1.439323,1.439323,52.833405
7.104059,0.382118,19.375810,0.000000,0.000000,26.862255
6.238723,0.271012,20.058908,1.494661,1.494661,38.881333
6.024155,0.244728,31.300402,1.180493,1.180493,67.732470
5.630185,0.205175,18.268851,2.546887,2.546887,105.034903
7.553909,0.230890,19.886982,2.083201,2.083201,111.143362
7.073556,0.284840,20.224710,2.530406,2.530406,122.571065
6.893716,0.387723,30.691377,2.791117,2.791117,132.124212
12.760078,0.400061,15.739309,1.731312,1.731312,76.349442
7.295157,0.303867,9.702988,1.385257,1.385257,53.038623
7.311977,0.319980,10.385328,0.997495,0.997495,43.940628
6.940586,0.352648,9.085862,0.514663,0.514663,42.236490
6.915656,0.420248,11.033369,0.578740,0.578740,39.036413
17.097072,0.510412,14.415783,0.677598,0.677598,55.184399
9.362697,0.481811,16.735737,0.664418,0.664418,57.249152
9.932312,11.427393,19.841034,0.565718,0.565718,70.045513
9.126365,0.534126,20.465769,12.370825,12.370825,68.672818
10.810776,0.584037,26.190880,0.739148,0.739148,43.375628
10.591853,0.571745,28.663732,10.406726,10.406726,67.567041
11.113417,0.618680,30.755187,0.000000,0.000000,42.487536
8.787880,0.589117,25.144030,0.000000,0.000000,34.521457
9.086557,0.587567,43.290805,0.000000,0.000000,52.965288
9.700589,0.622277,31.633904,0.531705,0.531705,55.664343
10.240586,0.531255,24.609195,0.000000,0.000000,35.381202
8.560583,0.569298,30.025477,0.000000,0.000000,39.155646
8.305217,0.568778,23.050742,0.000000,0.000000,31.925286
10.443485,0.573630,36.090475,0.000000,0.000000,47.107910
9.483103,0.598561,33.838861,1.092069,1.092069,60.864085
9.625367,0.571495,32.390127,1.071455,1.071455,61.323273
9.997054,0.574153,18.759617,0.000000,0.000000,29.331070
7.436819,0.620942,29.203319,0.000000,0.000000,37.261507
10.221631,0.475177,28.071349,0.000000,0.000000,38.768388
8.984920,0.492151,27.067103,0.000000,0.000000,36.545898
9.228584,0.575700,32.249412,1.071230,1.071230,53.929740
11.451185,0.489599,32.124846,0.000000,0.000000,44.065945
8.615666,0.470135,26.220497,0.000000,0.000000,35.306716
8.366651,0.565436,21.020474,0.000000,0.000000,29.952849
9.797279,0.612183,28.207541,0.000000,0.000000,38.619219
7.060210,0.516177,26.378581,0.000000,0.000000,33.955392
7.766086,0.530113,26.184834,0.000000,0.000000,34.481268
7.135894,0.447768,37.408191,0.000000,0.000000,44.992140
7.493531,0.481080,27.153976,0.000000,0.000000,35.128907
7.671376,0.449685,23.799359,0.000000,0.000000,31.920655
9.046837,0.450908,40.933815,0.000000,0.000000,50.431801
10.337928,0.538146,22.788451,0.000000,0.000000,33.664784
9.923418,0.570775,31.176689,1.612814,1.612814,62.729220
10.003471,0.592694,18.285996,0.000000,0.000000,28.882375
8.984787,0.543473,26.458795,0.000000,0.000000,35.987240
7.989479,0.575044,29.603462,0.000000,0.000000,38.168150
8.105763,0.571713,26.407575,0.000000,0.000000,35.085339
8.067506,0.512911,25.505879,0.000000,0.000000,34.086487
7.680007,0.456433,42.950134,1.638733,1.638733,74.513182
8.573666,0.536187,26.950633,1.205517,1.205517,49.437904
8.093777,0.480569,31.294934,1.000161,1.000161,55.398561
8.842718,0.567850,28.631498,1.180320,1.180320,54.041003
7.593242,0.510194,35.919206,0.000000,0.000000,44.022977
8.306531,0.577852,27.623577,0.000000,0.000000,36.508328
8.174294,0.486897,26.493301,0.000000,0.000000,35.154755
8.136820,0.391171,35.056988,0.000000,0.000000,43.585216
7.454074,0.401088,24.439619,0.000000,0.000000,32.295051
6.914932,0.393280,24.388175,1.233267,1.233267,40.698142
7.580215,0.308709,34.769755,1.157451,1.157451,58.271771
7.575285,0.337137,25.377447,1.098508,1.098508,71.576717
15.112372,0.311699,26.314213,1.204709,1.204709,62.408433
7.776110,0.403366,25.102822,1.449822,1.449822,81.470635
7.669525,0.513907,22.753251,2.296153,2.296153,72.558825
7.456240,0.452423,7.936897,0.629210,0.629210,35.744706
8.772266,0.568950,20.989376,0.577164,0.577164,47.482563
8.928465,0.667407,12.505226,0.663740,0.663740,49.129617
9.085076,0.690740,13.991088,0.415942,0.415942,40.612427
8.361044,0.688455,34.653458,2.059594,2.059594,112.704300
9.371653,0.683500,1.468791,0.000000,0.000000,11.524243
9.089607,0.265882,30.523765,3.507132,3.507132,167.282900
11.269764,0.619096,64.321467,3.597563,3.597563,160.145979
13.862489,0.568912,44.926644,2.492717,2.492717,143.268678
11.020580,0.819047,38.962506,16.945389,16.945389,121.455646
9.774948,0.748237,30.975121,3.354083,3.354083,108.860241
15.346149,0.683263,8.522445,0.000000,0.000000,24.552257
9.303129,0.411326,31.114051,3.226199,3.226199,206.307819
22.864893,0.474376,31.868705,0.000000,0.000000,55.208810
11.974918,0.412318,35.359792,3.129643,3.129643,70.072598
20.516111,0.532716,30.527599,0.000000,0.000000,51.576816
11.032595,0.566275,36.212326,4.192140,4.192140,69.305925
23.715338,0.681079,32.814381,0.000000,0.000000,57.211124
10.535929,0.558414,32.182085,15.891820,15.891820,88.428529
10.337669,0.608613,31.963045,0.000000,0.000000,42.909712
8.994328,0.625546,29.207613,0.000000,0.000000,38.828112
8.313732,0.575827,17.878767,0.000000,0.000000,26.768579
8.337562,0.560045,10.870430,0.000000,0.000000,19.768485
11.043099,0.447515,30.665697,0.000000,0.000000,42.156758
8.814772,0.482741,46.968978,3.710158,3.710158,74.355434
8.239248,0.457655,29.959841,3.890582,3.890582,58.218457
8.320304,0.557018,39.755297,2.307719,2.307719,63.756852
8.482784,0.450912,17.064804,0.000000,0.000000,25.998689
8.049717,0.472418,26.938977,0.000000,0.000000,35.461323
8.376195,0.563892,42.624490,2.898924,2.898924,67.261890
6.584186,0.472119,33.068753,2.270455,2.270455,53.931984
7.032310,0.398118,36.484199,3.070803,3.070803,57.861206
9.304531,0.444283,23.679947,0.000000,0.000000,33.429102
8.598382,0.465366,23.642073,0.000000,0.000000,32.706066
8.434065,0.533767,37.582930,0.000000,0.000000,46.551059
9.831059,0.597204,24.943153,0.000000,0.000000,35.371744
7.499154,0.531112,40.813162,2.615868,2.615868,78.619284
9.443585,0.473616,28.592424,1.879757,1.879757,50.954345
8.347876,0.493286,22.112796,0.000000,0.000000,30.954310
6.965078,0.531047,24.510002,1.680467,1.680467,44.067557
7.837453,0.421065,24.686145,1.700914,1.700914,86.197275
7.957659,0.407774,24.488936,1.811751,1.811751,92.472899
15.112576,0.430705,25.238245,1.779872,1.779872,104.301504
8.753458,0.470567,41.549143,2.504775,2.504775,82.162605
9.948539,0.572386,31.102876,2.135944,2.135944,77.973592
10.391225,0.749865,41.976709,2.380270,2.380270,66.031404
10.340192,0.583020,49.321330,2.199269,2.199269,73.128923
9.709397,0.713672,34.914640,2.277367,2.277367,58.854284
10.242524,0.660945,31.155459,0.000000,0.000000,42.059278
10.665216,0.621858,39.090456,1.935393,1.935393,64.184333
9.286822,0.667309,49.897418,2.396789,2.396789,96.797355
8.228891,0.625268,30.319801,2.404930,2.404930,78.354904
9.988609,0.631333,34.068325,0.000000,0.000000,44.688574
9.354554,0.719324,33.838901,1.510606,1.510606,82.837443
9.805660,0.697443,19.622286,0.000000,0.000000,30.125665
10.274373,0.611507,39.893144,15.383843,15.383843,76.356936
11.682891,0.799063,33.309089,0.000000,0.000000,45.791264
11.790555,0.736200,41.309314,1.858009,1.858009,77.500960
10.998431,0.762758,36.312027,0.000000,0.000000,48.073494
9.650309,0.717189,52.172318,0.000000,0.000000,62.540420
9.080345,0.710229,33.347775,1.774990,1.774990,58.905421
9.384317,0.631625,33.882078,1.198143,1.198143,68.953974
10.110168,0.603173,35.740131,1.128866,1.128866,70.580768
9.290839,0.628446,44.158153,1.090134,1.090134,71.875188
7.403425,0.628487,23.528731,1.712656,1.712656,70.502261
14.779110,0.507287,17.946312,1.676199,1.676199,65.432618
7.006310,0.450068,20.973861,2.425709,2.425709,69.345725
7.475259,0.477181,17.928476,1.189142,1.189142,52.596961
15.076481,0.608894,16.390493,0.812787,0.812787,56.800152
9.439209,0.559975,19.015404,1.031142,1.031142,56.800656
9.722721,0.660672,18.300271,0.831209,0.831209,54.549511
9.127733,0.668031,35.122631,1.229814,1.229814,74.533455
8.770981,0.751918,22.175480,1.498233,1.498233,67.470727
9.710934,0.755396,26.440934,0.935727,0.935727,60.372622
8.597717,0.653721,42.725148,0.622423,0.622423,67.346184
8.989575,0.727314,21.105761,0.000000,0.000000,30.822892
8.347676,0.611816,25.441181,0.000000,0.000000,34.402288
9.551420,0.668732,38.542100,0.000000,0.000000,48.762660
7.933116,0.576427,28.492711,0.000000,0.000000,37.002700
7.698714,0.468673,27.681506,0.000000,0.000000,35.849175
17.971138,0.401637,24.853775,0.000000,0.000000,43.226840
9.809837,0.528148,31.184370,0.000000,0.000000,41.522697
9.799549,0.435660,44.025408,0.000000,0.000000,54.260927
8.967315,0.461587,30.243942,1.259189,1.259189,65.729915
9.491765,0.508244,44.739633,1.915105,1.915105,82.420925
10.795167,0.559999,19.104327,0.000000,0.000000,30.459628
9.644828,0.572195,36.652284,1.589632,1.589632,74.921862
9.595642,0.692654,37.556916,1.881280,1.881280,59.490813
7.777522,0.584823,40.513350,1.953898,1.953898,59.664375
7.298965,0.658201,26.279505,1.559801,1.559801,55.004057
6.382693,0.414933,24.042096,1.517841,1.517841,53.760637
6.893306,0.368919,23.833356,1.528521,1.528521,54.630275
7.486556,0.405957,25.345294,1.218063,1.218063,64.602769
8.514836,0.439642,25.049699,1.518147,1.518147,52.942134
8.825145,0.513950,24.091451,1.966246,1.966246,73.053811
7.222665,0.622813,22.483997,1.181693,1.181693,52.921713
7.011968,0.500250,23.692034,1.894804,1.894804,67.170725
6.873988,0.536749,23.987935,0.000000,0.000000,31.399005
8.297630,0.556063,25.025335,1.273523,1.273523,41.781998
7.875842,0.461486,2.416014,0.000000,0.000000,10.753602
6.529984,0.387789,25.131784,0.000000,0.000000,32.049723
8.447831,0.382401,24.540410,0.000000,0.000000,33.370933
7.756152,0.393549,28.025415,1.651818,1.651818,90.234631
8.984923,0.474508,30.049859,1.773236,1.773236,84.824067
20.793242,0.644335,25.953457,1.279263,1.279263,86.157702
10.589390,0.766553,40.105076,1.256922,1.256922,84.471877
11.196849,0.846149,19.700140,1.465911,1.465911,56.346926
21.956860,0.801534,24.863074,1.659024,1.659024,72.760180
10.782392,0.840562,30.266565,1.717413,1.717413,58.893094
17.864510,0.674256,31.722924,2.009264,2.009264,76.573078
9.911894,0.778758,49.423122,2.038850,2.038850,92.280137
7.643291,0.790397,28.837187,2.325426,2.325426,77.268668
7.887692,0.757880,27.039004,2.966696,2.966696,80.923779
7.589483,0.935315,28.642101,2.338966,2.338966,71.786104
8.898605,0.725613,32.144745,18.417304,18.417304,88.168066
9.258773,0.604340,14.792493,0.625730,0.625730,47.364875
10.280703,0.601346,31.878515,0.666784,0.666784,63.928045
9.818586,0.621126,16.515994,0.873509,0.873509,48.684506
10.888113,0.697535,18.926448,0.758519,0.758519,63.650738
11.388113,0.723922,32.874432,1.069297,1.069297,80.489677
11.029443,0.782997,22.891136,1.084633,1.084633,74.143947
10.097021,0.761688,24.749277,0.955836,0.955836,68.762560
25.060290,0.864548,30.817913,1.032221,1.032221,79.637149
13.212038,1.001201,55.407233,0.839395,0.839395,78.892850
10.727548,0.695494,23.749681,0.000000,0.000000,35.174110
10.467059,0.774244,44.058040,0.000000,0.000000,55.299627
20.915435,0.634790,44.435782,1.295099,1.295099,92.443745
10.122362,0.691403,53.623009,1.351210,1.351210,108.557981
11.560804,0.622050,40.124050,1.012843,1.012843,79.758589
12.432848,0.809841,27.254786,0.000000,0.000000,40.499225
10.631836,0.875628,26.711982,0.000000,0.000000,38.219767
25.172636,0.793173,25.788280,0.000000,0.000000,51.754402
9.680847,0.504649,27.065617,0.000000,0.000000,37.251352
10.610047,0.587030,38.997963,1.304273,1.304273,75.861661
10.510763,0.569278,39.158840,0.000000,0.000000,50.239193
10.148632,0.572039,35.572495,2.202022,2.202022,99.310491
11.574765,0.609950,37.085677,0.000000,0.000000,49.270811
10.722104,0.702228,53.246703,0.000000,0.000000,64.671331
10.728599,0.756515,25.632243,0.000000,0.000000,37.119292
9.973212,0.691956,28.319358,0.000000,0.000000,38.986070
20.726934,0.776846,33.062360,0.000000,0.000000,54.567945
12.311216,0.559782,41.475409,0.000000,0.000000,54.346824
11.544193,0.708750,56.935138,1.554365,1.554365,88.196187
10.625940,0.611705,61.292012,1.834726,1.834726,83.065869
12.771632,0.632165,36.701788,1.468270,1.468270,57.907475
10.881154,0.699627,50.862944,0.000000,0.000000,62.444164
11.299981,0.779173,46.599089,1.512964,1.512964,82.885813
14.550347,0.900403,59.509702,1.588741,1.588741,96.653352
12.844253,0.839967,56.190128,1.185319,1.185319,92.846844
11.392393,0.949081,34.622895,1.222062,1.222062,97.726014
12.067010,0.898255,38.512708,1.070861,1.070861,58.869618
10.128885,0.851492,54.351176,1.364024,1.364024,72.153406
10.519000,0.802717,37.074924,1.263139,1.263139,54.870203
12.073299,0.746333,22.118822,0.000000,0.000000,34.938759
19.911220,0.610776,41.355550,1.316480,1.316480,73.008446
12.058308,0.657986,37.033159,1.392086,1.392086,81.072557
11.389944,0.550033,43.239815,0.000000,0.000000,55.180138
11.232153,0.549656,56.320306,0.000000,0.000000,68.102522
10.378662,0.625861,8.668167,0.000000,0.000000,19.672925
10.947835,0.532140,46.899546,0.000000,0.000000,58.379813
10.878660,0.466482,57.637870,2.616295,2.616295,122.843372
26.472863,0.755933,42.857625,2.484753,2.484753,130.563573
11.020776,0.695257,41.594119,2.123744,2.123744,111.797675
10.357506,0.763444,37.913094,15.285781,15.285781,123.269276
10.209206,0.916008,32.341984,1.778533,1.778533,98.087804
9.858893,0.827450,16.691628,1.619728,1.619728,59.625436
7.343007,0.798203,14.438734,0.984649,0.984649,44.911907
8.275405,0.709169,17.108188,0.838077,0.838077,40.605158
8.594803,0.520472,19.018838,0.707701,0.707701,33.829869
7.950635,0.513582,35.059814,0.000000,0.000000,43.524333
8.605934,0.488808,20.998441,0.918776,0.918776,57.100905
7.862511,0.406130,23.204576,0.707882,0.707882,65.682295
8.116957,0.439923,23.600142,1.073310,1.073310,57.391547
7.969802,0.501833,24.010252,1.460953,1.460953,72.998755
8.070158,0.454282,26.262933,1.405465,1.405465,56.253791
9.484374,0.462999,44.978822,1.455010,1.455010,65.725187
7.763589,0.485095,24.871053,1.434603,1.434603,77.298207
7.581525,0.577828,41.212694,1.492836,1.492836,81.995815
8.874934,0.455349,22.151838,1.330140,1.330140,49.980896
22.565686,0.487510,21.592366,0.000000,0.000000,44.645810
8.341280,0.482861,26.063845,1.549909,1.549909,60.450179
7.295482,0.532039,20.959467,0.000000,0.000000,28.787274
14.578008,0.447512,24.013808,1.681685,1.681685,66.483535
9.537249,0.485540,24.223722,0.000000,0.000000,34.246854
9.815004,0.423854,47.039892,1.965429,1.965429,69.894836
10.549755,0.491197,2.842213,0.000000,0.000000,13.884505
10.741163,0.456515,3.330559,0.000000,0.000000,14.528503
10.613368,0.511387,24.502528,0.000000,0.000000,35.627510
25.166744,0.584704,35.707698,1.793703,1.793703,88.564368
10.561907,0.536155,12.457294,0.000000,0.000000,23.555579
10.099279,0.457138,49.219154,1.382696,1.382696,71.515447
9.516317,0.558603,33.488041,1.646357,1.646357,56.489775
9.050939,0.528588,29.265494,0.000000,0.000000,38.845295
7.974434,0.466072,26.654952,0.000000,0.000000,35.095753
9.112290,0.497362,30.243727,1.047533,1.047533,64.041826
17.884979,0.457334,28.101577,1.772264,1.772264,78.594593
9.045050,0.466673,29.265449,1.602377,1.602377,51.182046
17.194260,0.484318,29.018762,1.480266,1.480266,67.990669
10.232359,0.477615,13.913373,0.000000,0.000000,24.623665
9.413619,0.393963,44.809693,0.000000,0.000000,54.617764
8.924930,0.529241,6.914988,0.000000,0.000000,16.369424
8.153957,0.356616,10.061429,0.000000,0.000000,18.573577
8.837561,0.300374,6.359380,0.000000,0.000000,15.497580
9.401003,0.277777,8.640554,0.000000,0.000000,18.319645
10.064515,0.302187,23.495535,0.000000,0.000000,33.862576
10.355943,0.304758,10.492161,0.000000,0.000000,21.153138
10.010800,0.332517,9.731112,0.000000,0.000000,20.074718
10.141382,0.347578,9.007791,0.000000,0.000000,19.497050
9.811292,0.335173,10.889355,0.000000,0.000000,21.036030
10.467004,0.324816,26.504573,0.000000,0.000000,37.296660
10.135031,0.275561,1.854979,0.000000,0.000000,12.266023
10.100197,0.253400,32.520703,0.000000,0.000000,42.874776
10.074960,0.239648,29.689551,16.748369,16.748369,193.097575
9.635265,0.403822,27.968267,3.083615,3.083615,173.191025
18.119884,0.364800,29.739084,3.965233,3.965233,199.691569
10.700144,0.476243,49.752490,2.613213,2.613213,206.013281
10.097853,0.537895,27.017892,18.669145,18.669145,96.890844
11.199320,0.587314,30.360398,2.182069,2.182069,62.095070
12.701404,0.475899,31.716032,0.000000,0.000000,44.893800
19.062630,0.494369,35.893799,2.336173,2.336173,76.213405
11.233471,0.646563,37.997869,2.555923,2.555923,94.018113
10.687827,0.601799,27.257742,0.000000,0.000000,38.547590
9.408184,0.548592,32.887289,0.000000,0.000000,42.844350
15.246770,0.708626,39.816919,2.432254,2.432254,76.941900
11.401957,0.533320,41.569018,2.821161,2.821161,97.467909
11.775202,0.586223,37.619818,0.000000,0.000000,49.981554
12.573308,0.605075,63.665977,2.300001,2.300001,91.521129
11.635807,0.663825,36.348114,0.000000,0.000000,48.647977
11.482423,0.753813,67.001286,0.000000,0.000000,79.237955
11.399713,0.724114,49.439107,0.000000,0.000000,61.563320
28.664058,0.700933,50.047400,2.287487,2.287487,94.259207
13.455084,0.775392,16.664563,0.000000,0.000000,30.895398
28.529728,0.609829,58.213749,0.000000,0.000000,87.353662
12.190252,0.649324,63.749410,0.000000,0.000000,76.589248
12.430483,0.646726,63.360416,2.406771,2.406771,134.279084
12.853184,0.870824,63.929523,1.778846,1.778846,98.426705
16.414810,0.680252,49.832827,1.227304,1.227304,89.077572
10.193074,0.653244,60.538723,1.377322,1.377322,83.972514
9.510864,0.598575,40.569022,0.000000,0.000000,50.678929
9.891899,0.544554,61.728380,1.483024,1.483024,96.650060
9.610540,0.689663,37.425285,0.986852,0.986852,54.456291
25.193550,0.583857,40.086695,0.996521,0.996521,72.884855
10.440521,0.593158,42.106931,19.611695,19.611695,79.057790
9.762963,0.586741,30.587976,0.000000,0.000000,40.937893
10.359201,0.607083,25.695304,0.000000,0.000000,36.661839
11.068054,0.581867,56.013242,1.184602,1.184602,76.195031
11.639426,0.545614,43.310337,0.000000,0.000000,55.495667
10.621505,0.617627,63.757821,1.241160,1.241160,102.267533
10.251776,0.788248,61.318209,0.000000,0.000000,72.358566
12.406292,0.799497,27.444724,0.000000,0.000000,40.650831
9.425856,0.823595,23.999106,0.000000,0.000000,34.250469
10.585821,0.753880,60.511076,2.176701,2.176701,83.403037
11.792265,0.617404,41.439623,0.000000,0.000000,53.849623
12.129671,0.676205,32.497453,0.000000,0.000000,45.303519
13.051971,0.692830,26.494182,0.000000,0.000000,40.239206
12.222265,0.918846,67.362110,0.000000,0.000000,80.503507
12.126627,0.824459,24.319294,0.000000,0.000000,37.270660
12.092889,0.749741,23.994303,0.000000,0.000000,36.837170
11.640258,0.674313,64.457783,0.000000,0.000000,76.772686
10.066090,0.644003,39.550483,0.000000,0.000000,50.260933
10.336809,0.747961,42.044239,0.000000,0.000000,53.129176
10.645854,0.643365,42.493387,0.000000,0.000000,53.782928
9.809003,0.675078,25.530475,0.000000,0.000000,36.014841
23.904219,0.611934,7.764297,0.000000,0.000000,32.281806
7.932407,0.511922,24.859271,0.000000,0.000000,33.303973
8.321850,0.408825,30.072110,0.000000,0.000000,38.803070
6.783284,0.390332,45.834179,2.121273,2.121273,66.251876
7.633817,0.515913,35.149921,21.519855,21.519855,117.862458
6.454627,0.481472,17.579199,1.951804,1.951804,78.604235
5.656536,0.542935,15.273528,1.660062,1.660062,69.031645
5.420156,0.460391,32.157296,1.320874,1.320874,74.825562
5.636976,0.419370,9.941885,1.008028,1.008028,46.687278
20.189843,0.395897,8.242597,1.132432,1.132432,58.127936
4.775447,0.284454,7.002599,1.124985,1.124985,35.050407
4.994482,0.275545,7.692364,1.070006,1.070006,51.307573
5.089871,0.278214,6.111744,0.000000,0.000000,11.480125
5.608829,0.208320,5.137642,0.000000,0.000000,10.956501
4.141763,0.223033,9.666496,0.000000,0.000000,14.031579
4.706285,0.175937,7.751993,0.000000,0.000000,12.634615
4.570581,0.149089,10.993639,0.000000,0.000000,15.713597
4.509609,0.128980,9.998073,0.001924,0.001924,51.182036
8.791333,0.368060,17.164920,3.893806,3.893806,68.530412
6.368796,0.157579,16.984788,3.326102,3.326102,58.534432
7.710112,0.322017,6.074947,0.000000,0.000000,14.108226
6.649894,0.259361,39.131991,2.103276,2.103276,63.538805
7.737647,0.296988,1.183964,0.000000,0.000000,9.219033
7.662388,0.271478,18.920391,1.832441,1.832441,42.752656
6.572645,0.232577,0.914237,0.000000,0.000000,7.719702
23.477441,0.446450,8.567669,0.000000,0.000000,32.491839
7.949725,0.293192,17.725462,0.000000,0.000000,25.968953
8.962923,0.254331,1.209631,0.000000,0.000000,10.427099
8.754521,0.227202,23.695046,3.593281,3.593281,52.640457
8.408587,0.281206,1.486967,0.000000,0.000000,10.177164
17.705556,0.233361,26.361254,3.756058,3.756058,82.757912
11.462084,0.441706,28.466123,0.000000,0.000000,40.370354
20.200656,0.348557,29.029918,0.000000,0.000000,49.579580
8.408469,0.481589,27.196683,2.011047,2.011047,71.513944
25.125435,0.516150,25.039156,0.000000,0.000000,50.681303
9.554662,0.446920,24.338227,1.834084,1.834084,60.046654
8.130846,0.483503,19.626454,0.000000,0.000000,28.241204
18.687502,0.514688,21.613118,1.240056,1.240056,50.446361
7.171969,0.415201,23.092352,1.586604,1.586604,62.726473
30.822144,0.518219,23.860157,0.000000,0.000000,55.201276
6.250914,0.409974,18.990703,1.391641,1.391641,59.680651
6.560605,0.469153,18.252598,19.932988,19.932988,54.519949
7.743936,0.356919,19.052080,1.589908,1.589908,51.840501
10.015236,0.419372,22.472637,1.742445,1.742445,58.336412
21.999251,0.460113,21.851831,1.241177,1.241177,69.182641
6.925648,0.385383,19.772253,1.087955,1.087955,35.702797
6.636926,0.394106,18.534654,1.235011,1.235011,52.611810
8.469254,0.472271,19.470356,1.463981,1.463981,39.680678
6.572580,0.404995,1.267394,0.000000,0.000000,8.245287
7.235833,0.346158,19.677658,1.118398,1.118398,43.740904
26.326717,0.335723,19.910023,1.165954,1.165954,71.971239
7.067074,0.273947,15.936507,1.128081,1.128081,32.318222
5.963953,0.281031,15.412858,1.404859,1.404859,63.218939
7.844872,0.346746,17.049019,1.447344,1.447344,36.571123
8.563306,0.350601,17.762539,0.000000,0.000000,26.676800
6.215106,0.309002,11.282050,0.000000,0.000000,17.806647
24.694266,0.332418,15.889588,1.355885,1.355885,59.038506
6.687670,0.192049,0.828750,0.000000,0.000000,7.708879
6.058515,0.154586,5.405608,0.000000,0.000000,11.619105
5.646232,0.193255,15.276624,1.269410,1.269410,38.646796
6.390371,0.219495,3.137904,0.000000,0.000000,9.748298
25.799106,0.510315,21.245939,1.582744,1.582744,68.394317
8.410851,0.259985,18.998501,0.000000,0.000000,27.669824
8.411812,0.273574,19.286776,1.962084,1.962084,74.976036
9.079282,0.333870,19.789346,0.994306,0.994306,53.267470
8.469683,0.345620,20.006058,1.121076,1.121076,69.771088
9.366907,0.476228,20.187129,1.336042,1.336042,41.397171
7.656082,0.389570,18.523874,1.620332,1.620332,51.744312
7.789020,0.383704,40.857702,1.649222,1.649222,62.566760
8.713369,0.401735,20.739110,2.548500,2.548500,65.756734
27.048443,0.445406,22.200238,1.341539,1.341539,79.780555
9.235291,0.382210,22.057098,0.000000,0.000000,31.674948
8.400261,0.366347,4.323990,0.000000,0.000000,13.090883
9.577074,0.319722,25.787847,0.000000,0.000000,35.686145
10.592744,0.330329,9.032366,0.000000,0.000000,19.955787
9.539576,0.533799,10.050860,0.000000,0.000000,20.124772
11.108491,0.315241,7.041996,0.000000,0.000000,18.467323
10.049330,0.288366,30.401685,2.455360,2.455360,84.184461
10.753486,0.326464,31.110861,2.504588,2.504588,62.682535
10.642096,0.359765,47.425107,2.825069,2.825069,145.762331
10.285009,0.387283,48.648509,22.156496,22.156496,167.674524
10.580197,0.500893,27.681059,3.068556,3.068556,79.314554
9.398564,0.560191,46.263764,3.168368,3.168368,89.602918
9.807930,0.486172,24.774603,23.867376,23.867376,99.199958
9.720031,0.515444,25.748348,0.000000,0.000000,35.984199
9.485445,0.582129,43.583516,1.996974,1.996974,86.640885
9.689666,0.572117,27.164444,2.237073,2.237073,52.667178
18.118114,0.549133,27.466408,1.901696,1.901696,71.443591
8.606953,0.542546,23.590023,1.509802,1.509802,56.166913
26.523156,0.511910,24.668491,0.000000,0.000000,51.703964
8.282896,0.480883,26.793897,1.587445,1.587445,62.322406
9.642731,0.518343,46.681359,1.449110,1.449110,69.550450
9.787743,0.487575,28.887788,2.052575,2.052575,62.000885
9.592079,0.443473,47.398830,1.746513,1.746513,74.964706
9.123964,0.438416,30.340821,1.374455,1.374455,73.851072
25.159771,0.533177,28.398409,0.853480,0.853480,98.302490
8.691709,0.627733,46.489926,1.670406,1.670406,65.194152
8.693595,0.544289,29.294282,2.000178,2.000178,57.026178
10.108201,0.458977,30.431176,20.708014,20.708014,68.439510
9.050210,0.460655,27.712462,1.552314,1.552314,62.506830
7.727165,0.501972,24.814976,1.686984,1.686984,73.956451
7.635031,0.484026,22.890002,2.367806,2.367806,73.956514
23.059570,0.661282,22.464032,2.735286,2.735286,94.063996
7.826677,0.548882,23.532288,1.858795,1.858795,75.611022
8.215583,0.541573,24.455093,2.153272,2.153272,95.810294
9.867987,0.547950,25.086964,24.749159,24.749159,104.903374
10.433310,0.598138,15.415946,1.179217,1.179217,60.284318
7.315685,0.544476,11.404152,22.696235,22.696235,63.392523
7.635511,0.606502,10.444168,0.664998,0.664998,36.863232
7.734710,0.411286,12.265383,0.905324,0.905324,37.421103
6.478369,0.376679,31.386695,0.735120,0.735120,61.155666
7.845142,0.371534,12.280190,0.807689,0.807689,45.300252
25.315107,0.340395,16.092691,0.898524,0.898524,75.459921
8.276668,0.388683,18.111694,0.886446,0.886446,58.007415
9.130833,0.444377,20.075081,0.673225,0.673225,65.173315
9.631470,0.477540,43.424528,1.280453,1.280453,95.525621
11.421031,0.571443,27.106537,1.526230,1.526230,95.827393
10.992513,0.594420,28.961837,1.418692,1.418692,61.065854
9.346934,0.630480,16.945990,0.000000,0.000000,26.925279
30.390793,0.586323,25.881612,1.303386,1.303386,65.744738
7.904288,0.503331,21.856803,0.000000,0.000000,30.265219
6.297298,0.470785,20.267555,1.369902,1.369902,36.584925
21.947588,0.336634,21.447334,1.476635,1.476635,54.280739
5.162164,0.374390,1.081571,0.000000,0.000000,6.618365
5.360430,0.295467,18.852237,1.806893,1.806893,35.757800
8.447689,0.327818,23.571465,20.106702,20.106702,62.413878
8.424141,0.359004,13.556424,0.000000,0.000000,22.339936
9.225377,0.495203,23.987382,0.000000,0.000000,33.708246
10.014470,0.504483,21.877882,0.000000,0.000000,32.397161
9.884134,0.745813,44.779771,0.000000,0.000000,55.410285
9.491960,0.446422,29.279287,1.755258,1.755258,62.261485
9.083050,0.470211,48.929934,1.546941,1.546941,70.667802
10.569427,0.497951,31.447198,1.952843,1.952843,84.177030
23.630906,0.631730,28.902776,1.651120,1.651120,98.059728
9.211381,0.717505,54.312310,1.178338,1.178338,97.176988
10.360577,0.665424,33.257794,1.718892,1.718892,76.383308
27.208791,0.736314,35.079525,1.728073,1.728073,73.475260
12.212393,0.764322,27.842356,1.539327,1.539327,59.095730
27.203199,0.768285,35.303659,1.396995,1.396995,78.746347
11.362529,0.661406,34.072985,1.190165,1.190165,92.759042
7.740152,0.739814,23.724686,1.042413,1.042413,54.210150
8.957016,0.717744,25.519628,1.209096,1.209096,74.236424
7.263368,0.573235,24.064217,1.272387,1.272387,38.652636
8.861926,0.534096,23.974166,0.000000,0.000000,33.370484
10.031956,0.519762,50.742978,1.380930,1.380930,77.138911
10.417027,0.555008,32.483526,1.337899,1.337899,56.122010
10.805530,0.568457,55.239876,1.132532,1.132532,90.019214
11.249695,0.581109,32.675370,1.419106,1.419106,99.433670
9.147694,0.716336,30.320602,1.218148,1.218148,78.166894
29.363251,0.856516,26.090091,1.002638,1.002638,73.851191
7.273128,0.549628,24.787991,1.152756,1.152756,48.618476
6.915226,0.445179,45.006564,0.000000,0.000000,52.367353
7.536200,0.432802,24.341925,1.529560,1.529560,55.521124
8.212788,0.396111,28.059029,0.927783,0.927783,74.854843
10.096433,0.390373,32.956080,1.173896,1.173896,90.476401
25.677995,0.628966,39.756944,1.630054,1.630054,118.074797
9.820017,0.727594,56.918548,1.843501,1.843501,122.130070
11.212383,1.037952,35.131018,2.474332,2.474332,135.808451
11.876643,1.165959,59.515254,2.367701,2.367701,126.005759
12.360842,1.172373,50.643916,1.198979,1.198979,109.710807
9.298682,1.098600,20.349493,1.609052,1.609052,78.514710
9.394551,0.884693,15.868126,1.083809,1.083809,50.482128
8.641839,0.695138,17.071556,0.930513,0.930513,76.492109
7.661702,0.692950,15.681861,0.861406,0.861406,48.161427
7.941883,0.672438,12.817183,0.849481,0.849481,45.741367
27.096776,0.693029,13.263999,0.967525,0.967525,56.562950
7.207435,0.552876,14.727446,0.721364,0.721364,31.902224
6.351778,0.503784,13.982287,0.528941,0.528941,31.723096
6.241459,0.414903,35.557405,0.000000,0.000000,42.213973
5.659150,0.406271,14.984821,0.843583,0.843583,36.036720
5.424313,0.425977,14.692077,0.838308,0.838308,30.794868
5.428586,0.327819,14.184022,0.816275,0.816275,25.395450
5.483661,0.317923,36.407217,0.833515,0.833515,56.782845
5.496578,0.340437,13.724243,0.604592,0.604592,32.953925
5.974833,0.634881,4.273316,0.000000,0.000000,10.883320
5.706637,0.313736,13.837273,1.374324,1.374324,35.628558
6.882091,0.307611,37.008317,1.315844,1.315844,52.501017
7.290109,0.324743,16.043447,1.819592,1.819592,32.461349
6.323693,0.350246,15.630473,1.391918,1.391918,31.151463
6.758943,0.453088,16.174137,1.683502,1.683502,57.265949
7.239768,0.387915,5.372306,0.000000,0.000000,13.000290
7.519517,0.389067,20.079681,1.691156,1.691156,38.260282
8.697241,0.405575,20.505246,0.000000,0.000000,29.608345
8.702066,0.415258,42.795866,0.000000,0.000000,51.913480
9.669897,0.443807,24.797880,0.000000,0.000000,34.911897
8.693828,0.609446,26.920649,2.038802,2.038802,66.016935
28.062286,0.610499,29.306645,1.580310,1.580310,77.634995
8.667115,0.569338,25.993133,1.093599,1.093599,58.059655
7.742738,24.215626,22.375844,0.000000,0.000000,54.334653
7.340221,0.657581,22.665830,1.507673,1.507673,55.125636
7.924644,0.597604,48.461535,1.543508,1.543508,80.989686
7.975864,0.517129,23.680358,1.585086,1.585086,53.843769
7.896424,0.606481,46.252315,1.610371,1.610371,77.624872
8.517108,0.582487,25.209263,1.765430,1.765430,53.853745
7.448447,0.505477,47.621642,0.000000,0.000000,55.576170
8.461766,0.532964,13.294695,0.000000,0.000000,22.289815
9.132516,0.546842,27.526969,0.000000,0.000000,37.206804
8.886417,0.611197,25.488782,0.000000,0.000000,34.986767
23.401161,0.575179,26.371610,1.478437,1.478437,60.220377
8.536672,0.487292,27.167792,1.477340,1.477340,54.877437
8.845308,0.413814,49.706625,1.314779,1.314779,80.236148
7.875815,0.413745,29.180565,1.248620,1.248620,57.742160
8.678934,0.534191,52.699567,1.579480,1.579480,72.374089
8.887231,0.522761,27.195186,1.326027,1.326027,52.073436
8.929695,0.438862,47.908100,0.000000,0.000000,57.276960
8.197536,0.363904,25.437061,1.274200,1.274200,69.485782
9.568751,0.498464,16.881055,1.014675,1.014675,69.352126
9.858265,0.616460,15.725624,0.885084,0.885084,51.074942
11.774752,0.890367,16.559169,1.203423,1.203423,59.757310
9.824392,0.774579,36.696078,0.778676,0.778676,71.108981
10.825518,0.901096,14.998152,0.441719,0.441719,50.096225
26.445538,0.773273,18.866957,0.885925,0.885925,73.865737
9.166481,0.746919,20.661777,1.062879,1.062879,78.177455
9.441403,0.728005,19.898861,0.994651,0.994651,55.808786
11.709391,0.674632,25.615135,1.041199,1.041199,79.900635
10.339798,0.755201,28.019714,1.164487,1.164487,78.371958
12.674235,0.844479,50.432128,0.721557,0.721557,71.772851
9.993666,0.792297,32.170318,1.137346,1.137346,59.930363
10.098455,0.880901,57.592456,1.092811,1.092811,76.359364
11.001226,0.862625,35.687076,1.355893,1.355893,78.808552
30.080001,0.962249,31.143258,1.319880,1.319880,101.963179
10.252800,0.917316,53.728314,1.188561,1.188561,73.137343
9.256056,0.987466,19.914084,0.000000,0.000000,30.158008
6.679157,0.776682,26.525691,0.000000,0.000000,33.981848
7.469902,0.541037,23.625690,1.219116,1.219116,38.551313
24.101410,0.422464,23.354087,0.000000,0.000000,47.878373
6.078408,0.454680,20.300080,1.546861,1.546861,34.414642
6.465001,0.452990,19.807313,1.497056,1.497056,35.669958
6.708366,0.428651,43.970098,1.642441,1.642441,78.257900
7.491433,0.404529,20.764401,1.719504,1.719504,53.804673
7.820521,0.421212,46.468436,0.000000,0.000000,54.710507
5.976386,0.469401,3.669469,0.000000,0.000000,10.115738
5.284857,0.372829,8.808920,0.000000,0.000000,14.466753
6.734044,0.349552,7.801537,0.000000,0.000000,14.886869
6.936310,0.344785,8.820592,0.000000,0.000000,16.102033
6.690516,0.312154,8.424747,0.000000,0.000000,15.427685
6.977012,0.276848,45.091987,1.882133,1.882133,65.403680
7.055994,0.297182,2.421990,0.000000,0.000000,9.775642
6.853115,0.285845,20.343073,2.047104,2.047104,40.810175
7.247672,0.290696,21.627678,2.522410,2.522410,95.513346
8.707826,0.387676,23.042541,2.389908,2.389908,74.794978
23.661202,0.392707,24.767547,2.109392,2.109392,103.243797
7.695119,0.528026,22.906155,1.458057,1.458057,112.822862
8.932593,0.583432,22.551507,2.288711,2.288711,107.331520
8.262840,0.595045,22.203673,2.820344,2.820344,93.267494
11.820443,0.799328,14.138300,1.530939,1.530939,90.680581
8.732348,0.858533,10.937091,1.028249,1.028249,45.545404
9.167789,0.902136,9.327989,0.628353,0.628353,40.672902
7.632956,0.666286,11.626527,0.589662,0.589662,41.610793
8.206438,0.608490,37.233795,0.581457,0.581457,68.330880
6.809481,0.512539,14.891570,0.469127,0.469127,41.315599
7.826825,0.511017,17.550383,0.763035,0.763035,61.911003
7.634507,0.536839,18.513124,0.926388,0.926388,58.901063
6.688454,0.459932,18.018816,1.094748,1.094748,65.010733
6.057256,0.497793,16.941110,1.003583,1.003583,52.461908
6.290618,0.411983,19.738949,28.818446,28.818446,80.703721
7.674979,0.366150,20.051713,1.045428,1.045428,44.651085
7.189536,0.420641,18.768774,0.000000,0.000000,26.379294
7.827351,0.452921,20.691529,22.311142,22.311142,59.467733
9.157466,0.454974,22.352109,1.369628,1.369628,41.792793
8.553419,0.533724,23.967193,1.392248,1.392248,56.353499
8.752991,0.542189,35.299513,0.000000,0.000000,44.596041
8.411355,0.640628,24.708957,1.396620,1.396620,44.264994
8.077909,0.507938,17.771711,0.000000,0.000000,26.357880
7.844608,0.483674,46.759080,1.985715,1.985715,67.767910
8.724632,0.441530,24.257286,1.738884,1.738884,46.247355
8.916279,0.481931,29.039441,1.793088,1.793088,92.446803
10.428159,0.529539,18.420442,0.000000,0.000000,29.378380
9.057934,0.618850,6.760758,0.000000,0.000000,16.437810
7.574909,0.625266,27.301141,1.839298,1.839298,72.144812
8.883687,0.519716,17.430449,0.000000,0.000000,26.834211
8.467308,0.516187,27.959170,1.892904,1.892904,62.378494
31.709990,0.443075,29.060972,1.608770,1.608770,82.847630
9.473867,0.454784,12.518543,0.000000,0.000000,22.447579
9.277077,0.557191,30.413903,23.682783,23.682783,72.601543
9.362026,0.522123,11.905362,0.000000,0.000000,21.791405
8.678763,0.576598,28.135007,0.000000,0.000000,37.390839
9.363354,0.652399,58.571526,1.861434,1.861434,80.830305
10.473933,0.563341,33.740057,1.693084,1.693084,57.683792
9.903728,0.665346,33.489502,1.877621,1.877621,83.491987
10.022341,0.722927,22.038173,0.000000,0.000000,32.783681
9.704579,0.688314,24.399868,0.000000,0.000000,34.793179
9.254380,0.658189,46.876122,0.000000,0.000000,56.788884
10.043467,0.635670,30.001723,0.000000,0.000000,40.681211
9.364695,0.543400,23.460925,0.000000,0.000000,33.370580
9.117183,0.558829,45.444799,0.000000,0.000000,55.121022
10.727853,0.640116,34.797216,0.000000,0.000000,46.165478
8.958965,0.615862,36.023930,1.369109,1.369109,59.160751
27.675947,0.539155,30.318317,0.000000,0.000000,58.533895
7.629402,0.601969,25.174617,0.000000,0.000000,33.406292
8.586151,0.589080,23.646851,0.000000,0.000000,32.822562
33.952353,0.712911,8.201468,0.000000,0.000000,42.867172
9.568807,0.542177,8.892630,0.000000,0.000000,19.003838
8.515592,0.564602,25.750976,0.000000,0.000000,34.831499
8.352535,0.539848,34.390924,1.799869,1.799869,83.827036
9.567379,0.486485,33.240847,1.274938,1.274938,71.798609
8.463771,0.518386,48.501854,1.355041,1.355041,78.843152
8.350469,0.513488,22.227667,0.000000,0.000000,31.092264
6.722666,0.628345,22.330519,1.512486,1.512486,37.642570
7.264202,0.543929,42.724287,0.000000,0.000000,50.532671
8.643147,0.536277,24.983707,1.526662,1.526662,59.282926
9.384497,0.587397,58.996705,1.714974,1.714974,100.423076
9.078111,0.766492,24.243259,1.728615,1.728615,58.199041
9.236484,0.719623,47.782381,0.000000,0.000000,57.739165
8.228101,0.698702,22.773788,1.524308,1.524308,39.356529
8.170690,0.484528,24.115214,2.115310,2.115310,66.162357
6.568132,0.470566,20.514311,1.237970,1.237970,63.154466
5.347582,0.451127,16.288975,1.378516,1.378516,69.384262
4.758448,0.486914,13.869720,1.423850,1.423850,55.413741
5.223928,0.379526,40.022416,1.732306,1.732306,82.365081
5.972917,0.468989,38.749397,1.271743,1.271743,72.823738
7.970692,0.515473,6.744969,1.323724,1.323724,61.299241
9.210803,0.542632,8.468730,0.624087,0.624087,31.517724
8.591018,0.489875,11.188414,0.000000,0.000000,20.269618
12.386864,0.727729,51.165252,3.499566,3.499566,172.618404
12.564381,0.617532,51.370460,0.000000,0.000000,64.553334
11.911304,0.760851,71.166538,0.000000,0.000000,83.839101
12.362532,0.791259,43.750398,0.000000,0.000000,56.904808
12.154918,0.756588,81.142504,3.280824,3.280824,123.500463
13.037338,0.777278,80.964665,5.758395,5.758395,153.852144
18.710831,0.715049,45.538728,0.000000,0.000000,64.964948
14.084394,0.691273,35.419335,0.000000,0.000000,50.195325
12.810630,0.926856,83.801738,0.000000,0.000000,97.539770
13.403722,0.857567,55.368796,4.627275,4.627275,141.173960
15.081810,0.785306,44.122404,0.000000,0.000000,59.990389
12.216873,0.634321,68.976994,3.227957,3.227957,122.699113
12.908874,0.858147,15.280696,0.000000,0.000000,29.048186
10.613610,0.602944,63.790117,3.559958,3.559958,108.481829
12.047984,0.613812,35.273432,0.000000,0.000000,47.935716
9.599509,0.446236,57.623135,4.938068,4.938068,200.949734
7.759855,0.646948,21.501906,4.918909,4.918909,144.023202
6.544179,0.524039,17.925563,4.157756,4.157756,139.702476
7.184599,0.582750,20.483735,7.274604,7.274604,149.481932
7.595403,0.461552,23.656764,5.052766,5.052766,172.446906
8.106908,0.479845,22.328600,2.057597,2.057597,166.520723
8.710834,0.357633,51.758499,3.928669,3.928669,84.031374
8.916708,0.278328,17.067427,0.000000,0.000000,26.262919
11.531117,0.317720,17.939873,0.000000,0.000000,29.789583
12.185353,0.228279,57.393288,0.000000,0.000000,69.807668
14.230827,0.217059,0.855871,0.000000,0.000000,15.304168
12.109531,0.134327,4.301361,0.000000,0.000000,16.545460
12.347175,0.133239,18.678158,0.000000,0.000000,31.159413
12.232686,0.167266,0.562371,0.000000,0.000000,12.962566
12.580608,0.095608,57.240747,5.056870,5.056870,98.837905
12.451922,0.144643,30.996409,30.632343,30.632343,103.824826
14.317326,0.176843,31.357146,28.196721,28.196721,296.377282
14.522586,0.326870,28.615059,3.724910,3.724910,186.491413
5.747641,0.283502,20.438507,3.892278,3.892278,119.087349
7.408841,0.308314,0.001643,0.000000,0.000000,7.719261
7.911445,0.162157,20.227616,30.690284,30.690284,111.294809
10.950706,0.285959,10.321701,0.000000,0.000000,21.558805
9.984629,0.273639,27.131096,2.902479,2.902479,155.129853
10.851374,0.495112,29.778561,2.424681,2.424681,143.123497
10.674896,0.413386,30.414507,3.529669,3.529669,78.408490
34.481117,0.437361,28.933124,6.515420,6.515420,103.629619
9.989348,0.441737,25.951065,8.133117,8.133117,110.750755
9.251849,0.441563,26.501241,0.000000,0.000000,36.195197
9.183821,0.340312,25.021553,5.196798,5.196798,78.534832
11.263148,0.353953,27.777815,5.309590,5.309590,86.937333
11.701414,0.398367,52.499089,0.000000,0.000000,64.599545
11.404792,0.351689,34.048416,8.593971,8.593971,116.214723
11.920050,0.444803,28.042137,0.000000,0.000000,40.407418
14.389820,0.471496,60.840046,0.000000,0.000000,75.702117
14.226008,0.424615,1.941953,0.000000,0.000000,16.592880
11.880739,0.404651,39.796357,4.836777,4.836777,200.213799
13.490486,0.477078,75.836526,3.889807,3.889807,137.843982
14.200627,0.435768,68.194472,2.931040,2.931040,245.291852
15.002628,0.542399,1.955275,0.000000,0.000000,17.501489
14.076798,0.374634,14.373282,0.000000,0.000000,28.825044
14.718524,0.380944,37.367732,0.000000,0.000000,52.467413
16.979490,0.378868,11.370585,0.000000,0.000000,28.729329
16.510123,0.289770,7.868037,0.000000,0.000000,24.668292
15.163257,0.242147,7.943612,0.000000,0.000000,23.349278
16.315187,0.218240,8.686293,0.000000,0.000000,25.220069
27.765003,0.292837,52.878525,8.147248,8.147248,538.045554
15.256419,0.402020,44.537653,3.547738,3.547738,349.111529
10.974793,0.369602,63.953165,3.132515,3.132515,235.758922
8.923676,0.540349,29.954358,4.017678,4.017678,118.778656
10.256233,0.691238,29.058617,2.718079,2.718079,92.135952
29.914487,0.442898,29.808544,2.553724,2.553724,109.227464
10.395237,0.444032,1.372291,0.000000,0.000000,12.211859
8.869662,0.348924,1.524380,0.000000,0.000000,10.743434
9.285704,0.210132,53.234223,2.553795,2.553795,86.910746
10.443553,0.208185,22.250014,0.000000,0.000000,32.902292
10.456228,0.303033,56.663766,2.169429,2.169429,166.368174
10.691281,0.436933,58.154264,3.370118,3.370118,93.336113
10.993445,0.457897,32.444723,24.199084,24.199084,93.995920
11.864798,0.487541,37.448940,3.229008,3.229008,84.629744
12.399008,0.471526,59.641490,0.000000,0.000000,72.512512
12.418569,0.522552,40.236524,4.099775,4.099775,94.632222
27.511566,0.566604,35.370177,4.203999,4.203999,104.627481
13.767022,0.529001,67.075568,2.748637,2.748637,129.988350
14.810369,0.734754,30.949477,0.000000,0.000000,46.495060
36.134783,0.447673,37.428187,2.696846,2.696846,134.121953
12.407882,0.558115,1.666627,0.000000,0.000000,14.632983
36.104664,0.795795,39.415374,0.000000,0.000000,76.316529
11.985385,0.361716,38.639848,3.055099,3.055099,117.397150
14.896188,0.416702,30.262327,0.000000,0.000000,45.575678
13.314178,0.367061,41.982722,3.879389,3.879389,199.901117
35.986745,0.510208,2.486013,0.000000,0.000000,38.984112
12.179938,0.334476,43.748859,2.903749,2.903749,104.251484
14.161371,0.529364,25.313205,0.000000,0.000000,40.004138
13.086996,0.413200,43.614312,2.797347,2.797347,104.509184
33.508951,0.619911,2.339674,0.000000,0.000000,36.469630
14.361406,0.430382,48.500519,0.000000,0.000000,63.292734
13.324314,0.347658,45.333641,3.119376,3.119376,140.651997
15.977056,0.485458,35.292310,0.000000,0.000000,51.755302
28.679471,0.488598,48.381987,16.689552,16.689552,190.968772
15.044486,0.464042,1.984365,0.000000,0.000000,17.493292
13.977088,0.252444,31.509601,0.000000,0.000000,45.739549
12.765372,0.361755,67.511806,0.000000,0.000000,80.639508
14.657423,0.332293,40.383545,3.908090,3.908090,99.032492
37.063823,0.365996,1.411979,0.000000,0.000000,38.842032
17.123743,0.240614,1.512723,0.000000,0.000000,18.877409
16.525237,0.179174,45.248406,0.000000,0.000000,61.953329
18.069986,0.210961,1.513908,0.000000,0.000000,19.795183
29.970252,0.180924,47.203023,5.596688,5.596688,130.158807
17.654302,0.337187,1.896026,0.000000,0.000000,19.887857
33.071769,0.201075,47.161838,5.734656,5.734656,227.356473
16.185573,0.358318,42.146827,5.517763,5.517763,194.262406
13.916539,0.324319,70.463768,6.414378,6.414378,285.654329
10.816828,0.487311,28.475902,32.407537,32.407537,228.809345
8.177298,0.621499,26.151023,2.470188,2.470188,76.026297
8.650713,0.651946,25.457303,3.309124,3.309124,184.219486
30.587152,0.650440,35.119320,2.580185,2.580185,127.534239
11.698895,0.573744,46.241811,0.000000,0.000000,58.514713
10.990352,0.593458,36.432533,0.000000,0.000000,48.016668
12.122919,0.534829,40.270464,36.817858,36.817858,232.945253
13.956223,0.648152,46.031350,2.654817,2.654817,218.572176
12.330461,0.651834,41.839038,0.000000,0.000000,54.821800
27.019524,0.830756,47.664355,3.056609,3.056609,119.182099
13.889618,0.803482,64.114874,0.000000,0.000000,78.808600
12.104306,0.580142,44.833281,3.165489,3.165489,101.860496
26.734184,0.587646,47.652590,3.167203,3.167203,123.223310
13.474857,0.923166,60.356850,0.000000,0.000000,74.755433
14.023235,0.570951,43.822954,3.616835,3.616835,194.546436
14.443210,0.631660,55.824079,0.000000,0.000000,70.903117
12.930497,0.503554,45.077597,3.777772,3.777772,109.918401
38.937036,0.496670,1.670498,0.000000,0.000000,41.104408
15.314271,0.320385,39.555828,3.430905,3.430905,109.370985
29.984922,0.498960,45.271647,3.352344,3.352344,129.396286
15.772873,0.369607,57.963105,0.000000,0.000000,74.106017
14.481147,0.395202,39.777018,10.440815,10.440815,473.424552
12.358773,0.457444,22.082799,0.000000,0.000000,34.899667
12.926877,0.275186,0.922238,0.000000,0.000000,14.124858
12.810836,0.230213,2.714472,0.000000,0.000000,15.755775
27.577472,0.444830,21.262959,0.000000,0.000000,49.285796
13.897774,0.203809,1.343006,0.000000,0.000000,15.444869
14.445260,0.163124,6.428504,0.000000,0.000000,21.038137
13.143899,0.191719,25.740962,0.000000,0.000000,39.077232
34.345572,0.509954,0.968948,0.000000,0.000000,35.824752
16.927647,0.178858,6.901839,0.000000,0.000000,24.008653
16.373759,0.178276,6.932020,0.000000,0.000000,23.484285
16.037393,0.239007,46.384260,28.855143,28.855143,247.768472
14.993727,0.402208,27.315536,0.000000,0.000000,42.711893
15.971783,0.321953,42.009018,0.000000,0.000000,58.303219
15.231782,28.437308,45.207735,6.304764,6.304764,132.986101
17.225091,0.714072,77.536644,0.000000,0.000000,95.476462
14.527530,0.684084,51.495382,0.000000,0.000000,66.707470
44.347517,0.912206,67.024061,0.000000,0.000000,112.284388
16.454867,0.822134,16.520350,0.000000,0.000000,33.797684
39.287952,0.686539,35.558308,0.000000,0.000000,75.533127
14.740681,0.683191,33.070495,0.000000,0.000000,48.494690
13.846241,0.704422,62.049381,0.000000,0.000000,76.600502
14.149121,0.745795,54.588819,36.587901,36.587901,141.069110
15.549186,0.795783,53.544526,6.888133,6.888133,111.778204
32.693735,0.611759,53.867476,7.116242,7.116242,129.402119
14.915815,0.825651,31.249378,0.000000,0.000000,46.992363
15.027931,0.660344,50.150621,0.000000,0.000000,65.839493
14.893646,0.723853,85.845532,23.583974,23.583974,242.881578
14.711885,0.779625,11.460711,0.000000,0.000000,26.952573
11.072662,0.626738,33.393244,0.000000,0.000000,45.093041
10.557795,0.680820,2.075050,0.000000,0.000000,13.314744
9.988151,0.409976,3.684615,0.000000,0.000000,14.083069
36.626386,0.608686,6.771233,0.000000,0.000000,44.006664
10.232115,0.329071,8.611464,0.000000,0.000000,19.172909
8.876024,0.328398,28.477856,0.000000,0.000000,37.682985
9.479462,0.374404,33.442894,4.010344,4.010344,111.519461
11.307385,0.510327,30.845205,0.000000,0.000000,42.663231
9.359236,0.498993,29.941544,0.000000,0.000000,39.800061
25.825095,0.516379,28.772668,0.000000,0.000000,55.114653
10.554000,0.467144,5.522924,0.000000,0.000000,16.544437
10.102169,0.455734,32.703889,0.000000,0.000000,43.262244
11.738068,0.491375,60.039532,3.403433,3.403433,97.359117
9.671948,0.455314,30.520832,3.134284,3.134284,63.441051
37.814160,0.594870,8.347267,0.000000,0.000000,46.756516
11.378029,0.787935,32.995407,0.000000,0.000000,45.161969
11.545309,0.591091,26.589919,0.000000,0.000000,38.726673
10.201773,0.504156,49.893972,0.000000,0.000000,60.600205
8.675374,0.556021,7.961845,0.000000,0.000000,17.193592
8.654063,0.376495,29.213174,0.000000,0.000000,38.244428
10.000231,0.388934,24.568516,0.000000,0.000000,34.958212
7.704592,25.523209,4.781353,0.000000,0.000000,38.009394
6.942137,0.380818,9.949883,0.000000,0.000000,17.273189
7.629723,0.326924,24.482272,3.150638,3.150638,53.364070
8.220570,0.351152,27.422841,2.119707,2.119707,84.133290
10.408123,0.401480,30.380635,33.749207,33.749207,134.796187
12.009078,0.565367,31.111384,2.970303,2.970303,108.056348
37.625172,0.737599,34.334178,2.376246,2.376246,100.019464
11.660417,0.622688,34.882795,0.000000,0.000000,47.166400
31.452942,0.459705,36.590844,2.002840,2.002840,91.990573
10.359846,0.597000,16.162146,0.000000,0.000000,27.119437
10.162532,0.420380,68.829336,1.697059,1.697059,101.594285
10.279776,0.535810,22.136268,0.000000,0.000000,32.952083
10.781080,0.455243,9.369055,0.000000,0.000000,20.605681
9.772333,0.478480,36.244763,0.000000,0.000000,46.495854
10.571911,0.408188,8.468575,0.000000,0.000000,19.448936
10.003543,0.384221,10.452769,0.000000,0.000000,20.841268
11.440949,0.355567,6.506610,0.000000,0.000000,18.303614
11.204272,0.378291,41.794231,2.918741,2.918741,181.320164
39.423081,0.548467,48.513580,5.071408,5.071408,215.376989
13.052441,0.779696,78.019510,4.755912,4.755912,205.743051
33.312194,1.177504,49.361337,3.185391,3.185391,215.979000
14.368982,1.308786,82.321849,2.968834,2.968834,207.064894
14.458671,1.520209,31.216117,29.126460,29.126460,146.422373
12.716366,1.597899,17.783522,1.947209,1.947209,71.216999
9.991142,1.330141,47.050718,1.494649,1.494649,84.367323
10.616792,0.860064,19.785525,0.876895,0.876895,54.474186
10.518802,0.781033,17.091738,0.946845,0.946845,66.671273
10.875209,0.772604,20.208824,0.700482,0.700482,61.000395
10.949934,0.797029,23.885378,0.985003,0.985003,86.234791
10.361803,0.762392,25.059071,1.032893,1.032893,56.722327
9.105716,0.743572,21.420579,0.921694,0.921694,37.407006
8.811356,0.640878,44.553967,0.000000,0.000000,54.006417
10.273885,0.650673,26.730904,0.000000,0.000000,37.655814
8.915994,0.721839,32.913648,1.041417,1.041417,58.156368
35.428598,0.663243,26.199452,0.000000,0.000000,62.293146
9.364877,0.679028,24.974849,0.000000,0.000000,35.019136
9.541517,0.715320,26.673211,0.000000,0.000000,36.932159
9.654761,0.706452,40.628630,0.000000,0.000000,50.990020
10.368526,0.745461,6.791678,0.000000,0.000000,17.906070
8.435094,0.655895,30.847637,0.000000,0.000000,39.939173
8.269864,0.564386,68.842433,1.603429,1.603429,87.808352
11.265312,0.620755,20.256218,0.000000,0.000000,32.142469
9.292816,0.627748,26.240557,0.000000,0.000000,36.161534
10.740208,0.816358,57.544248,0.000000,0.000000,69.101189
10.238502,0.671188,17.977132,0.000000,0.000000,28.887164
11.073816,0.704090,27.413694,0.000000,0.000000,39.192149
8.960323,0.776816,6.713068,0.000000,0.000000,16.450606
9.070806,0.672550,47.312245,0.000000,0.000000,57.056032
10.215415,0.609542,32.140377,0.000000,0.000000,42.965735
9.619077,0.650185,23.358587,0.000000,0.000000,33.628218
9.616104,0.677465,60.903223,0.000000,0.000000,71.197485
10.818868,0.695708,26.794234,0.000000,0.000000,38.309043
9.448072,0.694785,25.003214,0.000000,0.000000,35.146457
8.965251,0.650185,54.039885,0.000000,0.000000,63.655565
9.974315,0.687181,24.680578,0.000000,0.000000,35.342568
8.467585,0.617350,32.744817,1.622680,1.622680,61.278233
11.441158,32.544771,6.275811,0.000000,0.000000,50.262071
12.172188,0.750363,30.252978,0.000000,0.000000,43.176094
11.120168,0.809197,33.343692,0.000000,0.000000,45.273544
10.298389,0.783415,55.929196,0.000000,0.000000,67.013056
11.087198,0.795094,24.945473,0.000000,0.000000,36.828099
10.306072,0.621956,22.330192,0.000000,0.000000,33.258622
10.269877,0.727632,48.710432,0.000000,0.000000,59.708210
10.646779,0.751437,35.454013,1.264939,1.264939,54.770402
9.611737,0.688819,27.945735,0.000000,0.000000,38.246769
33.035469,0.720697,27.282864,0.000000,0.000000,61.039314
10.267733,0.743449,21.303824,0.000000,0.000000,32.315384
9.707050,0.699451,26.943459,0.000000,0.000000,37.350289
11.614910,0.634857,43.717775,0.000000,0.000000,55.967947
10.292639,0.609992,3.870552,0.000000,0.000000,14.773487
12.159662,0.707798,23.210694,0.000000,0.000000,36.078520
9.682959,0.627333,23.832071,0.000000,0.000000,34.142666
9.745762,0.608183,53.701443,0.000000,0.000000,64.055888
7.934384,0.610417,26.358708,1.561632,1.561632,43.228153
9.078070,0.575702,17.285823,0.000000,0.000000,26.939985
10.074101,0.583612,50.356774,0.000000,0.000000,61.014746
9.613848,0.642688,25.629991,0.000000,0.000000,35.886822
9.146451,0.663501,24.940249,0.000000,0.000000,34.752116
8.504993,0.629594,8.415433,0.000000,0.000000,17.550483
35.447864,0.737069,27.315169,0.000000,0.000000,63.501949
9.442079,0.942739,26.478689,0.000000,0.000000,36.863861
8.723889,0.599611,26.868750,0.000000,0.000000,36.192522
9.216176,0.612977,64.261195,0.000000,0.000000,74.090807
10.881456,0.663434,25.336734,0.000000,0.000000,36.881948
10.545237,0.650242,27.319494,0.000000,0.000000,38.517015
36.344771,0.633555,30.341326,0.000000,0.000000,67.319951
11.400366,0.771337,27.330308,0.000000,0.000000,39.502217
10.549636,0.748540,78.965108,0.000000,0.000000,90.263857
12.070402,0.800905,46.783811,2.068316,2.068316,72.329573
10.364030,0.691790,23.931792,0.000000,0.000000,34.988016
35.230201,0.807975,29.548190,0.000000,0.000000,65.586888
10.104142,0.913356,25.349937,0.000000,0.000000,36.367878
7.271237,0.759694,5.983111,0.000000,0.000000,14.014277
7.518984,0.609077,8.899194,0.000000,0.000000,17.028768
37.912831,0.799035,7.668415,0.000000,0.000000,46.380514
8.550566,0.546394,8.214773,0.000000,0.000000,17.311992
7.347711,0.460859,6.431282,0.000000,0.000000,14.240184
6.466871,0.420001,27.580962,0.000000,0.000000,34.468291
8.197546,0.412215,23.986697,0.000000,0.000000,32.596868
37.472345,0.814239,31.114732,0.000000,0.000000,69.401647
9.153166,0.523390,29.978050,0.000000,0.000000,39.654919
9.032733,0.510721,23.091127,0.000000,0.000000,32.634947
34.485972,0.622680,32.399157,0.000000,0.000000,67.508268
11.515492,0.608406,23.048360,0.000000,0.000000,35.172530
10.859820,0.700100,38.344639,2.146516,2.146516,97.795205
10.716702,0.734960,36.696518,1.863692,1.863692,60.702293
9.301906,0.734526,15.218538,0.000000,0.000000,25.255382
10.099122,0.673497,65.290262,0.000000,0.000000,76.063366
7.887219,0.617663,25.003242,0.000000,0.000000,33.508932
8.448845,0.594523,19.467479,0.000000,0.000000,28.511267
7.564812,0.540337,7.502967,0.000000,0.000000,15.608579
34.982400,0.889878,29.009829,0.000000,0.000000,64.882496
7.871402,0.498282,7.444977,0.000000,0.000000,15.816503
9.260714,0.465657,30.607352,0.000000,0.000000,40.334122
11.199955,0.510498,50.544102,0.000000,0.000000,62.254777
10.849277,0.579072,40.068581,0.000000,0.000000,51.497244
9.926585,0.742669,35.370577,1.799745,1.799745,56.855289
34.070982,0.633412,33.327649,1.894210,1.894210,90.094802
10.304018,0.764589,24.904183,0.000000,0.000000,35.974864
10.410850,0.862362,50.372225,0.000000,0.000000,61.645664
10.907332,0.759545,24.921237,0.000000,0.000000,36.588418
8.997802,0.729693,26.277255,0.000000,0.000000,36.004988
9.066003,0.671330,27.363449,0.000000,0.000000,37.101131
27.683837,0.575677,8.569773,0.000000,0.000000,36.830701
9.295610,0.583375,33.626403,1.692166,1.692166,64.371503
9.348743,0.604821,18.406629,0.000000,0.000000,28.360728
8.456343,0.530363,63.656901,0.000000,0.000000,72.643978
9.615413,0.652595,26.362532,0.000000,0.000000,36.630827
10.970142,0.568589,24.178125,0.000000,0.000000,35.717180
10.456767,0.613341,61.913593,0.000000,0.000000,72.984034
8.652517,0.711906,22.889398,0.000000,0.000000,32.254190
7.806022,0.558316,8.712688,0.000000,0.000000,17.077235
8.309039,0.529078,8.926489,0.000000,0.000000,17.765051
9.060591,0.481049,5.165686,0.000000,0.000000,14.707558
40.600623,0.818400,30.526974,0.000000,0.000000,71.946518
9.496633,0.623409,37.812469,0.000000,0.000000,47.933120
8.709677,0.460650,58.762662,0.000000,0.000000,67.933294
11.153918,0.504179,27.615609,0.000000,0.000000,39.275457
8.504389,0.609113,31.073582,2.259018,2.259018,67.375093
9.347278,0.602956,42.032493,0.000000,0.000000,51.982881
10.255630,0.515303,32.616263,0.000000,0.000000,43.387902
9.685282,0.621488,22.039776,0.000000,0.000000,32.346918
9.477919,0.695675,55.640509,0.000000,0.000000,65.814383
10.248393,0.713070,30.500304,0.000000,0.000000,41.462330
9.811888,0.622635,21.670616,0.000000,0.000000,32.105606
8.969926,0.586753,63.337666,0.000000,0.000000,72.894596
10.721769,0.504850,40.423515,0.000000,0.000000,51.650551
9.813427,0.594300,37.905701,2.109885,2.109885,64.461879
34.134841,0.573182,36.117580,0.000000,0.000000,70.826123
9.267250,0.729611,34.708069,1.965552,1.965552,60.715880
10.032766,0.701203,47.108165,0.000000,0.000000,57.842482
9.710806,0.917801,32.026942,0.000000,0.000000,42.655752
10.357737,0.705012,28.184838,0.000000,0.000000,39.247933
8.595714,0.695548,60.169217,0.000000,0.000000,69.461757
9.871751,0.682007,35.273737,2.936519,2.936519,67.170417
10.148950,0.651773,19.436613,0.000000,0.000000,30.237744
34.397153,0.536229,29.282155,0.000000,0.000000,64.215852
9.206776,0.699834,33.311715,0.000000,0.000000,43.218751
10.239298,0.662104,27.166092,0.000000,0.000000,38.067836
37.210526,0.584254,45.343743,2.604159,2.604159,103.890525
10.383024,0.766252,7.635168,0.000000,0.000000,18.784858
8.936693,0.630188,54.851133,0.000000,0.000000,64.418177
10.179415,0.760762,28.463785,0.000000,0.000000,39.404208
9.684412,0.756406,38.127104,0.000000,0.000000,48.568413
9.730717,0.669976,50.053484,0.000000,0.000000,60.454393
10.618122,0.630697,7.470339,0.000000,0.000000,18.719426
8.648975,0.608026,6.441830,0.000000,0.000000,15.699060
8.626175,0.512647,27.494065,0.000000,0.000000,36.633217
10.577146,0.522451,53.186754,0.000000,0.000000,64.286749
12.637291,0.670937,27.518297,0.000000,0.000000,40.826823
10.509930,0.621790,49.229665,0.000000,0.000000,60.361867
42.604530,0.619246,32.298013,0.000000,0.000000,75.523386
12.054072,0.678252,25.396687,0.000000,0.000000,38.129389
11.117311,0.829766,30.573375,0.000000,0.000000,42.520724
41.716511,0.810154,29.850390,0.000000,0.000000,72.377414
9.964569,0.840302,45.806283,2.730260,2.730260,75.772708
41.321402,0.941055,8.820068,0.000000,0.000000,51.082734
11.232757,0.763959,30.129050,0.000000,0.000000,42.126064
11.269507,0.885504,28.356116,0.000000,0.000000,40.511506
10.337104,0.878844,61.476066,0.000000,0.000000,72.692217
11.206313,0.774162,26.571315,0.000000,0.000000,38.552130
8.162721,0.685709,37.798912,1.563245,1.563245,62.692044
35.854991,0.739965,31.723931,0.000000,0.000000,68.319251
9.127598,0.708974,35.813742,0.000000,0.000000,45.650749
8.532351,0.651221,25.517871,0.000000,0.000000,34.701770
41.659603,0.632058,34.666880,0.000000,0.000000,76.958776
10.023757,0.739619,26.065916,0.000000,0.000000,36.829634
9.984358,1.177918,26.993055,0.000000,0.000000,38.155590
9.497084,0.610926,67.526610,0.000000,0.000000,77.635187
10.435306,1.015510,29.219174,0.000000,0.000000,40.670268
8.951320,0.683308,27.986454,0.000000,0.000000,37.621376
31.689193,0.731299,33.258619,0.000000,0.000000,65.679576
8.146591,0.731352,23.585505,0.000000,0.000000,32.463744
8.670766,0.682916,35.569882,0.000000,0.000000,44.923974
39.700927,0.655176,29.828501,0.000000,0.000000,70.184843
10.089576,0.697572,3.283626,0.000000,0.000000,14.072458
7.969009,0.616038,26.373104,0.000000,0.000000,34.958601
9.916945,0.594147,57.461600,0.000000,0.000000,67.973034
10.840979,0.600656,28.362051,0.000000,0.000000,39.803974
8.987059,0.678848,31.355831,0.000000,0.000000,41.022223
7.909792,0.672593,59.852231,0.000000,0.000000,68.434966
8.234849,0.657394,27.988757,1.988578,1.988578,63.220865
9.865423,0.657057,65.362466,1.460984,1.460984,84.800798
10.211799,0.649003,39.424059,0.000000,0.000000,50.285172
9.994956,0.834083,32.223496,37.574213,37.574213,99.399858
10.288291,0.806049,13.412474,0.000000,0.000000,24.507134
10.373320,0.691019,21.837686,0.000000,0.000000,32.902543
9.283691,0.676935,34.148943,1.738961,1.738961,53.543774
39.610566,0.577967,29.310789,1.349303,1.349303,87.440130
9.810439,0.557424,32.000103,1.563302,1.563302,52.708527
10.088823,0.544389,65.132559,0.993885,0.993885,91.436715
10.577458,0.636895,39.118935,1.386269,1.386269,76.752994
37.878436,0.713009,35.061537,1.041084,1.041084,98.122945
10.873461,0.664460,26.514408,1.090215,1.090215,93.865965
10.632086,0.710499,28.417384,1.095270,1.095270,61.919610
9.786718,0.725274,67.904022,0.981135,0.981135,94.386967
9.942420,0.544196,32.601171,1.090778,1.090778,79.413519
45.243113,0.579058,36.866353,0.915483,0.915483,93.243892
11.426561,0.536493,27.110343,0.000000,0.000000,39.073678
10.448477,0.560166,60.687896,1.076783,1.076783,96.575478
9.639568,0.677715,32.221619,1.072472,1.072472,59.693928
8.663374,0.567194,63.820909,0.000000,0.000000,73.051727
9.870808,0.531829,32.171545,1.263293,1.263293,63.649859
8.595852,0.470675,64.137890,1.312856,1.312856,124.157573
8.398501,0.550477,30.381100,1.602699,1.602699,100.798595
7.774871,0.802565,27.635531,1.630171,1.630171,94.160689
7.965726,0.606250,25.332913,1.630569,1.630569,92.352639
34.102430,0.698892,24.344296,2.453437,2.453437,130.593454
6.730952,0.537798,55.310989,2.009809,2.009809,122.326147
7.884775,0.500294,24.831636,1.975929,1.975929,90.429819
9.648451,0.546420,19.856387,2.052458,2.052458,76.462204
10.234828,0.555252,53.518570,1.564168,1.564168,103.656573
10.246628,0.492022,21.221322,1.710483,1.710483,40.549154
9.930259,0.629522,32.351009,4.382164,4.382164,85.199647
10.744372,0.536854,69.795450,2.511392,2.511392,102.409991
10.090463,0.442140,34.740982,3.309415,3.309415,64.862315
11.514732,0.520875,73.657332,3.616254,3.616254,106.527394
11.954654,0.654486,37.983190,4.412022,4.412022,139.062525
9.551096,0.739327,35.890166,3.467068,3.467068,67.375055
11.418965,0.622003,63.409220,0.000000,0.000000,75.450948
10.585170,0.610342,29.631381,0.000000,0.000000,40.827319
11.350989,0.480247,35.597536,0.000000,0.000000,47.429066
13.062219,0.520596,72.957822,0.000000,0.000000,86.541008
12.036689,0.506226,41.542833,4.903807,4.903807,250.357260
44.861533,0.663315,36.377350,4.304289,4.304289,113.085556
10.967166,0.643196,33.356513,0.000000,0.000000,44.967352
37.880450,0.726207,29.944266,5.715388,5.715388,94.359417
9.929557,0.771084,9.674899,0.000000,0.000000,20.376009
10.842905,0.648054,34.399626,4.092769,4.092769,181.564493
