#LBA time[ms], KF opt[#], KF fixed[#], MP[#], Edges[#]
0.005988,3,1,0,2455
0.000964,4,1,0,2659
0.086538,5,1,0,3167
0.218107,6,1,0,3562
0.356103,7,1,0,3960
0.442666,8,1,0,4402
0.485882,9,1,0,4940
0.422104,10,1,0,5424
0.832225,11,1,0,5918
0.832421,12,1,0,6423
1.073493,13,1,0,6728
1.161520,14,1,0,7035
1.213350,15,1,0,7458
1.652519,16,1,0,7901
1.203754,17,1,0,8233
1.553484,18,1,0,8514
1.890492,19,1,0,8809
1.732417,20,1,0,9162
1.952592,21,1,0,9481
1.819844,22,1,0,9732
1.995124,23,1,0,9987
2.216963,24,1,0,10381
2.521032,25,1,0,10667
2.782543,26,1,0,10920
2.703923,27,1,0,11239
2.889616,28,1,0,11529
3.195580,29,1,0,11910
2.922575,30,1,0,12161
3.039636,31,1,0,12361
3.495521,32,1,0,12658
3.958516,33,1,0,12869
4.293636,34,1,0,13010
3.901847,35,1,0,13237
4.442143,36,1,0,13365
5.195354,37,1,0,13558
4.835835,38,1,0,13688
6.111832,39,1,0,13810
4.103367,40,1,0,13913
3.389739,41,1,0,13936
5.103650,42,1,0,14181
5.001462,43,1,0,14240
3.091688,44,1,0,14417
4.474923,45,1,0,14664
3.290833,46,1,0,14867
3.978432,48,1,0,15327
4.361697,50,1,0,16361
0.000000,51,1,0,13842
4.217340,52,1,0,12902
0.000000,54,1,0,14089
4.792251,55,1,0,13953
2.617489,56,1,0,14140
3.423112,58,1,0,15017
0.000000,59,1,0,14957
2.739852,60,1,0,15150
3.631865,62,1,0,15913
4.297264,64,1,0,14121
0.000000,66,1,0,13666
3.855302,68,1,0,13472
3.207425,70,1,0,13326
3.789542,71,1,0,14117
0.000000,73,1,0,15661
4.435471,73,1,0,16108
0.000000,75,1,0,17419
3.514923,76,1,0,18022
0.000000,78,1,0,19358
2.379696,80,1,0,20605
0.000000,82,1,0,21718
3.768991,84,1,0,22834
0.000000,86,1,0,23843
3.553921,81,7,0,24697
4.221514,78,12,0,25471
0.000000,77,14,0,25588
6.621757,75,18,0,26455
4.360417,75,20,0,27169
0.000000,62,35,0,27798
5.867092,56,42,0,28094
5.562660,57,43,0,29135
0.000000,51,51,0,29207
5.970230,48,55,0,29902
0.000000,50,54,0,29990
5.574142,69,38,0,17580
0.000000,65,43,0,18189
5.730257,59,51,0,18691
0.000000,58,54,0,16831
6.355230,64,49,0,18055
0.000000,60,54,0,17884
6.772751,61,55,0,18870
0.000000,64,53,0,19941
8.259492,67,51,0,20589
0.000000,63,55,0,19936
10.703594,62,57,0,17657
0.000000,60,60,0,15658
8.283619,59,60,0,14478
0.000000,53,68,0,13263
7.434132,41,82,0,11420
0.000000,39,86,0,8366
7.151739,39,86,0,8408
0.000000,43,83,0,9385
10.312392,45,82,0,10634
0.000000,41,87,0,10582
6.408501,44,87,0,12075
0.000000,43,87,0,12504
8.469007,59,73,0,15488
0.000000,72,61,0,16927
10.454031,75,60,0,18377
0.000000,80,56,0,19807
10.112973,80,57,0,20865
0.000000,83,56,0,22321
5.568146,84,57,0,23901
0.000000,118,45,0,42867
0.000000,124,39,0,42635
2.875719,149,134,0,122935
3.168421,-1522168992,-1510443776,-1522168992,-1514162336
0.000000,21949,21949,21949,21949
2.929448,-1511414176,-1511414176,-1511414176,-1511396640
0.000000,21949,21949,21949,21949
3.343968,-1551834624,-1519375360,-1522509760,-1551834624
3.487558,21949,21949,21949,21949
3.468274,-1511396640,-1551834624,-1511365472,-1511414176
0.000000,21949,21949,21949,21949
4.787425,-1510443776,-1519073344,-1519073344,-1510443776
3.441704,21949,21949,21949,21949
6.438737,-1519073344,-1522168992,-1511396640,-1519073344
6.135022,21949,21949,21949,21949
0.000000,-1519375360,-1511396640,-1519375360,-1519375360
4.698213,21949,21949,21949,21949
0.000000,-1508651200,-1508651200,-1509610144,-1509610144
8.663791,21949,21949,21949,21949
0.000000,-1509610144,-1509610144,-1508651200,-1508651200
2.924872,21949,21949,21949,21949
0.000000,641,725,725,533
2.903739,0,0,0,0
0.000000,-1684844352,-1744828656,-1744828608,3
3.469799,32593,32593,32593,4
0.000000,-1710764480,-1728084816,-1744828608,5
4.629065,32593,32593,32593,6
2.359679,42,21659,-1734832208,7
2.372074,46,0,32593,8
3.221367,47,101,-1734832192,9
4.128132,48,0,32593,10
0.000000,50,163,8204,11
0.000000,50,0,0,12
7.842612,50,4,23,13
3.363359,51,-1,0,14
0.000000,53,-1,41,15
5.800403,53,-1,0,16
0.000000,54,-1,4,17
4.926234,54,-1,-1,18
0.000000,54,-1,-1,19
7.255488,55,-65536,-1,20
0.000000,55,-1,-1,21
7.896525,58,-1,-1,22
0.000000,60,-1,-1,23
5.116641,60,-1,-65536,24
0.000000,60,164,-1,25
5.566615,60,0,-1,26
0.000000,61,0,-1,27
6.260430,61,0,-1,28
0.000000,62,0,0,29
0.000000,63,0,0,30
0.000000,63,0,0,31
0.000000,63,0,0,32
0.000000,63,0,0,33
0.000000,64,0,0,34
0.000000,64,0,0,35
0.000000,64,0,0,36
0.000000,64,0,0,37
0.000000,64,0,0,38
0.000000,66,-1,0,39
0.000000,66,-1,0,40
0.000000,66,-1,0,41
0.000000,66,-1,0,42
0.000000,67,0,-1,43
0.000000,67,0,-1,44
0.000000,67,-1,-1,45
0.000000,68,-1,-1,46
0.000000,68,-1,0,48
0.000000,68,-1,0,50
0.000000,69,-1,-1,51
29.017745,69,-1,-1,52
0.000000,69,-1,-1,54
0.000000,69,-1,-1,55
20.806866,70,-1,-1,56
0.000000,70,-1,-1,58
0.000000,70,-1,-1,59
0.000000,70,-1,-1,60
0.000000,70,-1,-1,62
0.000000,70,-1,-1,64
0.000000,70,-1,-1,66
0.000000,70,72,-1,68
0.000000,70,0,-1,70
0.000000,71,-1082389312,-1,71
0.000000,71,-1098043365,-1,73
0.000000,71,1082224381,-1,73
0.000000,71,-1,0,75
0.000000,71,316,1061089836,76
0.000000,71,0,1063048082,78
0.000000,72,-1,1076176102,80
0.000000,72,0,-1,82
0.000000,72,0,-1,84
0.000000,72,-1728084560,0,86
0.000000,72,32593,-1,81
0.000000,72,-1728084560,0,78
0.000000,73,32593,0,77
0.000000,73,0,-1734831920,75
0.000000,73,0,32593,75
0.000000,73,-1,-1734831920,62
0.000000,73,-1,32593,56
0.000000,73,0,0,57
0.000000,74,-1,0,51
0.000000,74,0,-1,48
0.000000,74,0,-1,50
0.000000,74,-1728084512,0,69
0.000000,74,32593,-1,65
0.000000,74,-1728084512,0,59
0.000000,75,32593,0,58
0.000000,75,0,-1734831872,64
0.000000,75,0,32593,60
0.000000,75,-1,-1734831872,61
0.000000,75,-1,32593,64
0.000000,76,0,0,67
0.000000,76,-1,0,63
0.000000,76,0,-1,62
0.000000,77,0,-1,60
0.000000,77,-1728084464,0,59
0.000000,77,32593,-1,53
0.000000,77,-1728084464,0,41
0.000000,77,32593,0,39
0.000000,77,0,-1734831824,39
0.000000,78,0,32593,43
0.000000,78,1021049532,-1734831824,45
0.000000,79,-1104898218,32593,41
0.000000,79,1065127325,0,44
0.000000,79,-1,0,43
0.000000,79,1124024320,1054916882,59
0.000000,79,2,1048140509,72
0.000000,79,1,1063080026,75
0.000000,80,32,-1,80
0.000000,80,-1728084096,1124024320,80
0.000000,80,32593,2,83
0.000000,81,-1728084096,1,84
0.000000,81,32593,32,118
0.000000,81,-1728084064,-1734831296,124
0.000000,81,32593,32593,149
0.000000,81,-1728084064,-1734831296,-1522168992
0.000000,81,32593,32593,21949
0.000000,82,0,-1734831264,-1511414176
0.000000,82,0,32593,21949
0.000000,82,-1731692528,-1734831264,-1551834624
0.000000,83,32593,32593,21949
0.000000,83,-1728084400,0,-1511396640
0.000000,83,32593,0,21949
0.000000,84,-1728084328,-1730640240,-1510443776
0.000000,85,32593,32593,21949
0.000000,85,32,-1734831760,-1519073344
0.000000,85,0,32593,21949
0.000000,86,1,-1734831688,-1519375360
0.000000,86,0,32593,21949
0.000000,89,-1493222816,32,-1508651200
0.000000,90,21949,0,21949
0.000000,91,-1,1,-1509610144
0.000000,91,-1,0,21949
0.000000,91,1,-1536587392,641
0.000000,91,1,21949,0
0.000000,91,-255,-1,-1684844352
0.000000,92,-1,-1,32593
0.000000,94,-1534217568,1,-1710764480
0.000000,94,21949,1,32593
0.000000,95,-1,-255,42
0.000000,95,-1,-1,46
0.000000,96,1081725276,-1561770496,47
0.000000,97,1096796448,21949,48
0.000000,99,-1845247136,-1,50
0.000000,99,21949,-1,50
0.000000,100,0,1075805001,50
0.000000,100,0,1091493093,51
0.000000,101,0,-1845247136,53
0.000000,101,0,21949,53
0.000000,102,0,0,54
0.000000,102,0,0,54
0.000000,104,0,0,54
0.000000,108,0,0,55
0.000000,109,0,0,55
0.000000,111,0,0,58
0.000000,117,0,0,60
0.000000,120,0,0,60
0.000000,127,0,0,60
0.000000,135,0,0,60
0.000000,640,0,0,61
0.000000,0,0,0,61
0.000000,724,0,0,62
0.000000,0,0,0,63
0.000000,-1744829280,0,0,63
0.000000,32593,0,0,63
0.000000,-1732836656,0,0,63
0.000000,32593,0,0,64
0.000000,0,0,0,64
0.000000,0,0,0,64
0.000000,-1709860864,0,0,64
0.000000,32593,0,0,64
0.000000,31439,0,0,66
0.000000,0,0,0,66
0.000000,176,0,0,66
161.781112,0,0,0,66
0.000000,238,-1,0,67
0.000000,0,-1,0,67
0.000000,19,-1,0,67
0.000000,1140081951,-1,0,68
0.000000,1129360420,-1,-1,68
0.000000,1082242040,-1,359,68
0.000000,-1504154336,53,69,69
0.000000,1139742192,0,0,69
0.000000,-1555472096,-1369378825,0,69
0.000000,1,-304172545,32593,69
0.000000,6,-539408289,-1721042128,70
0.000000,21949,-2076252049,32593,70
0.000000,1065329967,-409482241,-1735164608,70
0.000000,21949,-11785218,32593,70
0.000000,264,-74492742,-1724266960,70
0.000000,0,1606049663,32593,70
0.000000,251,-1,257466,70
0.000000,0,-1,21949,70
0.000000,182,725,699020719,70
0.000000,0,0,1062100499,71
0.000000,191,-1744828688,64,71
0.000000,0,32593,0,71
0.000000,0,-1728084048,69,71
0.000000,0,32593,0,71
0.000000,0,21662,1,71
0.000000,0,0,32593,72
0.000000,0,101,-1740025872,72
0.000000,0,0,32593,72
0.000000,-1501389152,163,-1743979344,72
0.000000,21949,0,32593,72
0.000000,-1502780192,2,-1738043952,72
0.000000,21949,1126302464,32593,73
0.000000,0,1113318284,107791,73
0.000000,0,1088202644,21949,73
0.000000,-1503078240,-1,-2054713002,73
0.000000,21949,1125883506,1061390092,73
0.000000,-1533265696,-1,64,73
0.000000,21949,-65535,0,74
0.000000,-1533041184,2,53,74
0.000000,21949,-1,0,74
0.000000,-1533592032,1065349980,0,74
0.000000,21949,-1,32593,74
0.000000,-1496234144,164,-1740162752,74
0.000000,21949,0,32593,75
0.000000,-1495433792,0,0,75
0.000000,21949,0,0,75
0.000000,-1496780512,0,0,75
0.000000,21949,0,0,75
0.000000,-1476415328,0,-1727452192,76
0.000000,21949,0,32593,76
0.000000,0,0,53,76
0.000000,1068227129,0,0,77
0.000000,-1077672575,0,-852426741,77
0.000000,1080784772,0,1358503527,77
0.000000,-1496664128,0,1180067901,77
0.000000,21949,0,-468316452,77
0.000000,0,-1,-1942790730,77
0.000000,21949,-1,-869150587,78
0.000000,0,-1,-2113258745,78
0.000000,0,-1,-148829154,79
0.000000,-1709860592,0,-1,79
0.000000,32593,0,-1,79
0.000000,-1709860592,-1,69,79
0.000000,32593,-1,0,79
0.000000,0,-1,0,79
0.000000,0,-1,32593,80
0.000000,-1499534016,-1,-1686622672,80
0.000000,21949,-1,32593,80
0.000000,0,-1,-1743299664,81
0.000000,21949,-1,32593,81
0.000000,0,-1,-1727897104,81
0.000000,0,-1,32593,81
0.000000,-1709860544,-1,892049,81
0.000000,32593,-1,21949,81
0.000000,-1709860544,-1,670968524,82
0.000000,32593,-1,1061979640,82
0.000000,0,-1,64,82
0.000000,0,-1,0,83
0.000000,-1481650720,0,725,83
0.000000,21949,-1072549127,0,83
0.000000,0,-1066763262,-1744830336,84
0.000000,21949,1085735619,32593,85
0.000000,0,-1,-1734831184,85
0.000000,0,331,32593,85
0.000000,-1709860496,0,8205,86
0.000000,32593,-1,0,86
0.000000,-1709860496,0,23,89
0.000000,32593,0,0,90
0.000000,0,-1728083792,41,91
0.000000,0,32593,0,91
0.000000,1051292574,-1728083792,2,91
0.000000,-1092409592,32593,1141346310,91
0.000000,1062543170,0,1129113441,91
0.000000,21949,0,1077146398,92
0.000000,1124024320,-1,-1,94
0.000000,2,-1,1141093322,94
0.000000,1,0,-1,95
0.000000,32,-1,-65535,95
0.000000,-1688946816,0,7,96
0.000000,32593,0,-1,97
0.000000,-1688946816,-1728083744,1065257770,99
0.000000,32593,32593,-1,99
0.000000,-1688946784,-1728083744,196,100
0.000000,32593,32593,0,100
0.000000,-1688946784,0,160,101
0.000000,32593,0,0,101
0.000000,0,-1,133,102
0.000000,0,-1,0,102
0.000000,-1468532368,0,133,104
0.000000,21949,-1,0,108
0.000000,-1709860432,0,0,109
0.000000,32593,0,0,111
0.000000,-1709860360,-1728083696,0,117
0.000000,32593,32593,0,120
0.000000,32,-1728083696,0,127
0.000000,0,32593,0,135
0.000000,1,0,-1,640
0.000000,0,0,-1,0
0.000000,-1463967008,-1103860936,-1,724
0.000000,21949,-1089204842,-1,0
0.000000,-1520445568,1061938426,0,-1744829280
0.000000,21949,-1,0,32593
0.000000,24,1124024320,-1,-1732836656
0.000000,7,2,-1,32593
0.000000,-1504169983,1,-1,0
0.000000,21949,32,-1,0
0.000000,-1698142016,-1740481856,-1,-1709860864
0.000000,32593,32593,-1,32593
0.000000,-1536201696,-1740481856,-1,31439
0.000000,21949,32593,-1,0
0.000000,1077501390,-1740481824,-1,176
0.000000,1093012710,32593,-1,0
0.000000,-1845247136,-1740481824,-1,238
0.000000,21949,32593,-1,0
0.000000,0,0,-1,19
0.000000,0,0,-1,1140081951
0.000000,0,-1728068720,-1,1129360420
0.000000,0,32593,-1,1082242040
0.000000,0,-1728083632,0,-1504154336
0.000000,0,32593,-1130319463,1139742192
0.000000,0,-1728083560,-1086759431,-1555472096
0.000000,0,32593,1076548938,1
0.000000,0,32,-1,6
0.000000,0,0,-1,21949
0.000000,0,1,0,1065329967
0.000000,0,0,-1,21949
0.000000,0,-1493222816,0,264
0.000000,0,21949,0,0
0.000000,0,-1,-1734830928,251
0.000000,0,143,32593,0
0.000000,0,2,-1734830928,182
0.000000,0,1,32593,0
0.000000,0,-255,0,191
0.000000,0,-1,0,0
0.000000,0,-1720110112,-1,0
0.000000,0,32593,-1,0
0.000000,0,-1,0,0
0.000000,0,-1,-1,0
0.000000,0,1075083385,0,0
0.000000,0,1090846673,0,0
0.000000,0,-1845247136,-1734830880,-1501389152
0.000000,0,21949,32593,21949
0.000000,0,0,-1734830880,-1502780192
0.000000,0,0,32593,21949
0.000000,-1532174528,0,0,0
0.000000,21949,0,0,0
0.000000,69,0,-1,-1503078240
0.000000,0,0,-1,21949
0.000000,1,0,0,-1533265696
0.000000,32593,0,-1,21949
