#Stereo rect[ms], MP culling[ms], MP creation[ms], LBA[ms], KF culling[ms], Total[ms]
4.335170,0.069508,0.803278,0.005988,0.005988,5.218995
0.954307,0.079663,1.962627,0.000964,0.000964,2.998735
4.552783,0.186376,1.705240,0.086538,0.086538,18.722835
4.662313,0.150832,2.877227,0.218107,0.218107,19.427968
4.638740,0.118555,2.700920,0.356103,0.356103,22.983370
5.230578,0.168814,5.939680,0.442666,0.442666,35.592757
4.420361,0.101168,3.717689,0.485882,0.485882,26.899337
4.841724,0.114017,6.561495,0.422104,0.422104,34.297443
4.700034,0.100783,6.922813,0.832225,0.832225,35.263340
4.727146,0.119251,7.726731,0.832421,0.832421,38.569990
5.220913,0.090012,8.631526,1.073493,1.073493,49.103166
5.453531,0.123014,10.005878,1.161520,1.161520,50.588268
5.776586,0.155418,9.899548,1.213350,1.213350,50.660016
5.324994,0.119035,10.335900,1.652519,1.652519,50.833529
5.731154,0.136040,11.493980,1.203754,1.203754,56.163066
5.815753,0.134079,12.140561,1.553484,1.553484,58.422946
6.122309,0.164308,12.931242,1.890492,1.890492,62.573215
6.171292,0.210310,13.736440,1.732417,1.732417,64.693090
6.229010,0.189974,18.176221,1.952592,1.952592,71.373511
6.578264,0.164819,14.240421,1.819844,1.819844,70.178142
6.141606,0.161182,14.475909,1.995124,1.995124,72.622322
6.690131,0.145407,16.917997,2.216963,2.216963,76.392941
6.255016,0.155960,15.433346,2.521032,2.521032,77.799425
5.672572,0.124800,16.434750,2.782543,2.782543,80.522510
6.453740,0.138921,16.747956,2.703923,2.703923,84.478039
5.845813,0.115578,16.251653,2.889616,2.889616,84.951041
6.247650,0.126273,15.686343,3.195580,3.195580,94.583265
7.014110,0.153904,18.695735,2.922575,2.922575,95.818092
7.455107,0.144535,17.319034,3.039636,3.039636,97.241611
7.568715,0.152978,17.179422,3.495521,3.495521,110.918869
7.150652,0.150304,16.984653,3.958516,3.958516,102.535578
7.195186,0.153875,17.149234,4.293636,4.293636,106.421361
7.378743,0.137481,16.863514,3.901847,3.901847,100.946996
7.288942,0.182949,21.826988,4.442143,4.442143,115.670432
7.651414,0.116295,17.574301,5.195354,5.195354,113.986349
7.445020,0.156868,17.594102,4.835835,4.835835,109.098811
7.996197,0.121887,16.924076,6.111832,6.111832,116.663823
7.342356,0.113990,16.865676,4.103367,4.103367,115.920265
7.601731,0.118431,16.994878,3.389739,3.389739,95.508946
7.533678,0.107896,16.677692,5.103650,5.103650,118.108548
8.469911,0.149126,22.017562,5.001462,5.001462,116.204121
8.969670,0.091269,24.531282,3.091688,3.091688,106.907852
10.041492,0.127342,23.952642,4.474923,4.474923,84.915210
8.163651,0.096102,24.583871,3.290833,3.290833,96.679080
9.114120,0.093409,25.442710,3.978432,3.978432,114.267657
8.557610,0.076792,25.793259,4.361697,4.361697,99.947290
8.107222,0.094905,17.195849,0.000000,0.000000,25.398584
7.309509,0.054064,18.875088,4.217340,4.217340,44.243186
8.400765,0.074360,19.646987,0.000000,0.000000,28.122494
8.254928,0.041295,18.822569,4.792251,4.792251,61.574403
8.249553,0.051362,17.785250,2.617489,2.617489,69.363061
8.430761,0.039384,20.036157,3.423112,3.423112,115.943749
8.409709,0.053605,33.269626,0.000000,0.000000,41.733415
7.814965,0.072597,18.744464,2.739852,2.739852,88.964951
8.221366,0.085642,19.418255,3.631865,3.631865,80.769617
9.121767,0.086616,20.011750,4.297264,4.297264,93.269335
8.240660,0.078674,18.900487,0.000000,0.000000,27.220312
8.156448,0.060047,15.650846,3.855302,3.855302,92.773803
9.739725,0.071050,17.243497,3.207425,3.207425,99.115749
8.906873,0.062031,16.584224,3.789542,3.789542,76.456905
10.622118,0.047050,15.781037,0.000000,0.000000,26.450569
8.797065,0.048128,15.360342,4.435471,4.435471,58.012325
8.978602,0.055787,14.438132,0.000000,0.000000,23.472914
9.353571,0.045124,14.633882,3.514923,3.514923,54.386423
7.832449,0.047208,17.640037,0.000000,0.000000,25.520671
8.997943,0.064984,17.346615,2.379696,2.379696,53.630297
8.460621,0.078139,17.329880,0.000000,0.000000,25.869093
8.646466,0.072783,17.199841,3.768991,3.768991,54.775973
8.357724,0.082707,29.581611,0.000000,0.000000,38.022351
8.764228,0.089084,18.073989,3.553921,3.553921,43.268990
9.198805,0.081680,18.054417,4.221514,4.221514,44.711881
9.689556,0.102861,18.886300,0.000000,0.000000,28.678996
9.700448,0.088742,17.030340,6.621757,6.621757,49.140540
9.671252,0.085102,16.823813,4.360417,4.360417,45.699820
9.882314,0.074222,16.228859,0.000000,0.000000,26.185659
9.236760,0.062279,16.982813,5.867092,5.867092,49.292465
10.199201,0.075296,16.432781,5.562660,5.562660,49.918353
10.268395,0.058015,18.021803,0.000000,0.000000,28.348735
10.677535,0.060666,17.371522,5.970230,5.970230,52.249933
11.355935,0.059232,16.453134,0.000000,0.000000,27.868697
11.830212,0.043473,16.031155,5.574142,5.574142,55.689620
12.167455,0.041684,17.783605,0.000000,0.000000,29.993330
12.195961,0.037883,16.395476,5.730257,5.730257,56.095342
12.496935,0.034781,17.490192,0.000000,0.000000,30.022246
12.895903,0.031849,15.960115,6.355230,6.355230,58.888736
13.140130,0.034786,6.681307,0.000000,0.000000,19.856532
12.873443,0.033672,16.213063,6.772751,6.772751,60.617875
13.135591,0.039834,6.257859,0.000000,0.000000,19.433483
10.951786,0.026857,14.123319,8.259492,8.259492,59.893914
12.077873,0.056177,6.956010,0.000000,0.000000,19.090255
10.050759,0.037710,17.063006,10.703594,10.703594,66.355649
9.908356,0.052407,7.642673,0.000000,0.000000,17.603767
9.622073,0.058169,17.239768,8.283619,8.283619,61.829129
10.247467,0.066447,9.807487,0.000000,0.000000,20.121594
9.986372,0.054141,16.882374,7.434132,7.434132,62.714463
10.820419,0.067162,1.610789,0.000000,0.000000,12.498582
11.010314,0.054114,19.076906,7.151739,7.151739,66.662327
10.207306,0.098114,9.829837,0.000000,0.000000,20.135712
9.319199,0.049438,19.049551,10.312392,10.312392,70.100752
9.429790,0.064849,2.013135,0.000000,0.000000,11.508082
9.137574,0.051651,17.823109,6.408501,6.408501,62.546296
10.794441,0.066549,10.086620,0.000000,0.000000,20.948030
9.666417,0.046292,18.338988,8.469007,8.469007,67.446609
9.902969,0.066543,0.000927,0.000000,0.000000,9.970707
9.405170,0.045521,16.308098,10.454031,10.454031,68.705495
7.699017,0.063009,9.894700,0.000000,0.000000,17.657213
8.218290,0.047173,14.781500,10.112973,10.112973,66.484250
8.345001,0.088756,8.819535,0.000000,0.000000,17.253624
8.416770,0.080477,14.423327,5.568146,5.568146,123.414687
7.884041,0.067367,0.001257,0.000000,0.000000,7.952967
8.362894,0.042098,12.682814,0.000000,0.000000,21.088320
9.114328,0.064954,15.582096,2.875719,2.875719,48.283229
8.458238,0.064550,16.338662,3.168421,3.168421,47.540888
10.604260,0.063580,15.900513,0.000000,0.000000,26.568630
8.774967,0.060867,13.761786,2.929448,2.929448,64.559084
8.762390,0.040712,8.706734,0.000000,0.000000,17.510285
9.300157,0.018794,14.049304,3.343968,3.343968,46.964809
9.324113,0.028225,15.605951,3.487558,3.487558,47.972342
9.907985,0.022975,15.247682,3.468274,3.468274,48.409351
9.790072,0.023846,7.631589,0.000000,0.000000,17.445860
9.919112,0.017048,15.233749,4.787425,4.787425,52.028218
9.865860,0.021819,14.931532,3.441704,3.441704,49.508986
10.272297,0.020113,13.562368,6.438737,6.438737,53.008126
9.358914,0.013062,13.397647,6.135022,6.135022,69.454440
9.963237,0.018836,6.355187,0.000000,0.000000,16.337701
10.172928,0.010239,11.549184,4.698213,4.698213,64.433814
9.698141,0.011801,6.244347,0.000000,0.000000,15.954739
8.144916,0.012766,11.335011,8.663791,8.663791,60.245006
8.510546,0.017131,12.677805,0.000000,0.000000,21.209984
8.765052,0.018828,14.274106,2.924872,2.924872,56.519634
7.275594,0.031235,15.528807,0.000000,0.000000,22.836057
8.843216,0.051452,14.288873,2.903739,2.903739,54.295586
7.512097,0.059816,16.503008,0.000000,0.000000,24.075354
7.891150,0.055795,14.776168,3.469799,3.469799,61.416965
6.478203,0.060427,13.522180,0.000000,0.000000,20.061126
7.517070,0.050452,15.278428,4.629065,4.629065,54.876239
6.794003,0.069989,15.383135,2.359679,2.359679,35.481027
7.729306,0.083803,17.515520,2.372074,2.372074,39.636922
8.437706,0.101200,16.689558,3.221367,3.221367,40.427945
7.930317,0.087566,15.678724,4.128132,4.128132,49.738799
7.948123,0.083286,35.925852,0.000000,0.000000,43.957572
9.768360,0.059491,21.343370,0.000000,0.000000,31.171531
10.242650,0.096034,20.468732,7.842612,7.842612,53.136527
9.362515,0.094787,12.249352,3.363359,3.363359,40.382003
9.945383,0.092205,19.299487,0.000000,0.000000,29.337439
10.092920,0.089252,17.729909,5.800403,5.800403,52.009146
9.665120,0.070967,15.476051,0.000000,0.000000,25.212362
11.151867,0.069385,19.835440,4.926234,4.926234,56.547266
13.338042,0.070053,22.904363,0.000000,0.000000,36.312905
12.041947,0.082796,20.466446,7.255488,7.255488,60.658922
13.738833,0.093855,0.000919,0.000000,0.000000,13.833788
13.247666,0.052026,22.118557,7.896525,7.896525,66.540912
13.852006,0.073256,1.072721,0.000000,0.000000,14.998180
13.422120,0.053561,19.925799,5.116641,5.116641,62.725385
15.408434,0.083505,0.001101,0.000000,0.000000,15.493384
14.327404,0.050507,21.159394,5.566615,5.566615,65.899055
15.489365,0.062847,1.068018,0.000000,0.000000,16.620414
15.195020,0.056450,22.600085,6.260430,6.260430,71.617158
16.502206,0.081019,0.001038,0.000000,0.000000,16.584447
17.515846,0.062013,25.200548,0.000000,0.000000,42.778751
15.110331,0.059945,37.081440,0.000000,0.000000,52.252296
17.036896,0.075669,11.798001,0.000000,0.000000,28.910874
16.288014,0.075365,25.232588,0.000000,0.000000,41.596455
18.613073,0.102412,27.763524,0.000000,0.000000,46.479561
17.880906,0.083839,15.140580,0.000000,0.000000,33.105709
17.928304,0.083249,29.766927,0.000000,0.000000,47.778870
18.411519,0.083878,15.348869,0.000000,0.000000,33.844651
19.276813,0.089348,29.719545,0.000000,0.000000,49.086143
19.153137,0.100383,14.564452,0.000000,0.000000,33.818538
21.285275,0.092728,14.444434,0.000000,0.000000,35.822949
20.393571,0.093150,31.382520,0.000000,0.000000,51.870012
20.441688,0.095275,11.852469,0.000000,0.000000,32.389750
22.410016,0.067949,29.972136,0.000000,0.000000,52.450822
21.332274,0.063863,12.293296,0.000000,0.000000,33.690151
21.886638,0.045673,11.557766,0.000000,0.000000,33.490663
23.331806,0.042058,31.005591,0.000000,0.000000,54.379965
23.689113,0.047560,10.180352,0.000000,0.000000,33.917396
23.659696,0.037397,8.899356,0.000000,0.000000,32.596943
21.577950,0.035751,27.402047,0.000000,0.000000,49.016168
22.326055,0.035179,28.743013,29.017745,29.017745,134.012491
25.037907,0.031496,0.001184,0.000000,0.000000,25.070833
21.662072,0.037855,8.272036,0.000000,0.000000,29.972222
22.909242,0.046444,25.219812,20.806866,20.806866,123.809615
24.514815,0.032541,0.001107,0.000000,0.000000,24.548860
25.073363,0.029620,0.001579,0.000000,0.000000,25.104932
25.406453,0.043074,0.001812,0.000000,0.000000,25.451902
24.386968,0.038848,12.778019,0.000000,0.000000,37.204508
25.845072,0.033969,11.352168,0.000000,0.000000,37.231661
25.203364,0.019823,12.557920,0.000000,0.000000,37.781428
25.429099,0.032169,12.200144,0.000000,0.000000,37.661778
26.219500,0.029167,12.973870,0.000000,0.000000,39.222940
26.649641,0.030315,36.203452,0.000000,0.000000,62.884001
33.754577,0.048701,0.001162,0.000000,0.000000,33.804649
28.305374,0.037355,0.001173,0.000000,0.000000,28.344087
27.107531,0.031655,16.115635,0.000000,0.000000,43.255370
29.565650,0.035724,18.156428,0.000000,0.000000,47.758124
30.123581,0.033193,18.212803,0.000000,0.000000,48.369819
29.932811,0.040361,0.001302,0.000000,0.000000,29.974674
29.895424,0.042890,19.131072,0.000000,0.000000,49.069956
31.023963,0.049647,0.001178,0.000000,0.000000,31.075051
34.091774,0.042400,2.042808,0.000000,0.000000,36.177208
31.441900,0.031978,17.557519,0.000000,0.000000,49.031801
32.060787,0.058012,0.001788,0.000000,0.000000,32.120859
31.376160,0.025711,16.932051,0.000000,0.000000,48.334217
32.757089,0.039821,1.760891,0.000000,0.000000,34.558035
32.667943,0.041107,14.705140,0.000000,0.000000,47.414542
34.198320,0.058131,0.001269,0.000000,0.000000,34.257890
35.683651,0.028461,13.595622,0.000000,0.000000,49.308213
35.094196,0.026776,42.560104,0.000000,0.000000,77.681412
35.151650,0.025795,0.001412,0.000000,0.000000,35.179096
35.879441,0.018710,0.001563,0.000000,0.000000,35.899996
38.106234,0.022299,1.535202,0.000000,0.000000,39.664166
37.474388,0.027051,0.600099,0.000000,0.000000,38.101916
36.497414,0.062458,16.592568,0.000000,0.000000,53.153118
40.177803,0.049362,0.001370,0.000000,0.000000,40.228878
40.582160,0.029950,0.001214,0.000000,0.000000,40.613614
42.700560,0.026308,0.001423,0.000000,0.000000,42.728559
41.490553,0.027951,0.001257,0.000000,0.000000,41.520037
42.534252,0.027336,0.002052,0.000000,0.000000,42.563868
41.964231,0.021242,0.001447,0.000000,0.000000,41.987175
44.453473,0.023817,0.001343,0.000000,0.000000,44.478840
43.510403,0.022295,0.001522,0.000000,0.000000,43.534609
42.644262,0.019919,0.001451,0.000000,0.000000,42.665824
45.397523,0.016836,0.001513,0.000000,0.000000,45.416058
44.741749,0.025563,0.001537,0.000000,0.000000,44.769316
48.460995,0.012671,0.001253,0.000000,0.000000,48.475117
52.833316,0.015727,0.001529,0.000000,0.000000,52.850762
49.324622,0.020805,0.001447,0.000000,0.000000,49.347073
46.814194,0.015357,0.001685,0.000000,0.000000,46.831449
45.770441,0.019105,0.633473,0.000000,0.000000,46.423342
50.437927,0.025489,1.225863,0.000000,0.000000,51.689526
51.900347,0.041959,0.001516,0.000000,0.000000,51.944081
51.502487,0.035493,0.001542,0.000000,0.000000,51.539793
50.652752,0.019046,0.001883,0.000000,0.000000,50.673925
48.918384,0.015063,0.001275,0.000000,0.000000,48.934988
54.327849,0.016596,0.001372,0.000000,0.000000,54.346157
49.803980,0.024570,0.001226,0.000000,0.000000,49.829951
51.167798,0.006699,0.001378,0.000000,0.000000,51.176089
51.161626,0.010363,0.001613,0.000000,0.000000,51.173842
53.636151,0.016678,0.001301,0.000000,0.000000,53.654302
56.253762,0.008672,0.001431,0.000000,0.000000,56.264036
59.315233,0.008573,0.001085,0.000000,0.000000,59.325169
60.360506,0.014433,0.468874,0.000000,0.000000,60.844147
63.540982,0.008801,0.001521,0.000000,0.000000,63.551625
63.716253,0.039280,0.001948,0.000000,0.000000,63.758013
61.546996,0.018274,0.001566,0.000000,0.000000,61.567292
73.068067,0.007051,0.001526,0.000000,0.000000,73.076911
69.914167,0.011830,0.001192,0.000000,0.000000,69.927349
72.906181,0.013006,0.002116,0.000000,0.000000,72.921572
70.625243,0.009604,0.001659,0.000000,0.000000,70.636859
77.811255,0.023741,0.001173,0.000000,0.000000,77.836367
81.644304,0.018121,0.001374,0.000000,0.000000,81.664085
79.410445,0.011742,1.048272,0.000000,0.000000,80.471014
75.981788,0.026253,1.030898,0.000000,0.000000,77.039256
77.500158,0.027310,0.001656,0.000000,0.000000,77.529309
81.827506,0.025941,0.001321,0.000000,0.000000,81.854968
85.308212,0.035607,0.003464,0.000000,0.000000,85.348533
94.473969,0.020761,0.001954,0.000000,0.000000,94.497030
79.386386,0.018236,0.001283,0.000000,0.000000,79.406232
85.604223,0.025285,0.001807,0.000000,0.000000,85.631465
85.085330,0.018819,0.001718,0.000000,0.000000,85.106143
83.337017,0.024776,0.001401,0.000000,0.000000,83.363401
87.017221,0.029506,0.002043,0.000000,0.000000,87.049034
85.316751,0.032904,0.001930,0.000000,0.000000,85.351965
98.669685,0.034133,0.001236,0.000000,0.000000,98.705253
104.062105,0.015651,0.001398,0.000000,0.000000,104.079440
103.922178,0.021161,0.001968,0.000000,0.000000,103.945656
105.210762,0.026443,0.001646,0.000000,0.000000,105.239134
98.978280,0.024094,0.001894,0.000000,0.000000,99.004615
101.727722,0.023839,0.001291,0.000000,0.000000,101.753215
107.315456,0.035805,0.001387,0.000000,0.000000,107.352932
102.162846,0.029711,0.001398,0.000000,0.000000,102.194391
103.822285,0.023630,0.459391,0.000000,0.000000,104.305663
102.096673,0.035196,0.001293,0.000000,0.000000,102.133482
100.824303,0.035478,0.001360,0.000000,0.000000,100.861515
102.842031,0.036415,0.001578,0.000000,0.000000,102.880196
101.735884,0.033787,0.001424,0.000000,0.000000,101.771359
92.862933,0.025740,0.407691,0.000000,0.000000,93.296570
90.958763,0.034302,0.001139,0.000000,0.000000,90.994383
92.029608,0.047223,0.001193,0.000000,0.000000,92.078227
72.461083,0.038419,0.318574,0.000000,0.000000,72.818379
74.728813,0.101396,0.001785,0.000000,0.000000,74.832406
76.114781,0.091345,0.001272,0.000000,0.000000,76.207709
77.120200,0.088326,0.001643,0.000000,0.000000,77.210404
63.171934,0.089521,0.001751,0.000000,0.000000,63.263434
67.901202,0.102283,0.001775,0.000000,0.000000,68.005568
66.283914,0.094606,0.001528,0.000000,0.000000,66.380395
60.848952,0.105398,0.321800,0.000000,0.000000,61.276591
51.629455,0.111265,0.001815,0.000000,0.000000,51.742929
55.296222,0.093786,0.293845,0.000000,0.000000,55.684203
49.783148,0.092756,0.001409,0.000000,0.000000,49.877694
48.117368,0.064630,0.251361,0.000000,0.000000,48.433971
51.574402,0.138019,0.301225,0.000000,0.000000,52.014323
43.975249,0.097682,0.002084,0.000000,0.000000,44.075303
44.846204,0.174841,0.001295,0.000000,0.000000,45.022636
50.968504,0.081238,0.001489,0.000000,0.000000,51.051566
52.202526,0.126889,0.001863,0.000000,0.000000,52.331914
52.460970,0.116541,0.001512,0.000000,0.000000,52.579487
40.003818,0.100264,0.001530,0.000000,0.000000,40.105911
37.901441,0.094546,0.001886,0.000000,0.000000,37.998428
67.498401,0.194142,0.002414,0.000000,0.000000,67.695623
44.287624,0.142902,0.001327,0.000000,0.000000,44.432134
28.928528,0.105973,47.040789,0.000000,0.000000,76.076080
28.220116,0.179150,40.636181,161.781112,161.781112,418.209074
29.781660,0.364323,0.001837,0.000000,0.000000,30.148188
34.323662,0.122612,0.001367,0.000000,0.000000,34.447990
36.049890,0.118660,0.001258,0.000000,0.000000,36.170284
34.937053,0.084583,0.001160,0.000000,0.000000,35.023052
49.530459,0.109852,0.001213,0.000000,0.000000,49.641992
44.934464,0.112232,0.001255,0.000000,0.000000,45.048225
49.184634,0.117720,0.001951,0.000000,0.000000,49.304644
50.117245,0.082470,0.001334,0.000000,0.000000,50.201246
55.976742,0.132325,0.001366,0.000000,0.000000,56.110751
50.208227,0.051826,0.001302,0.000000,0.000000,50.261655
63.624527,0.097778,0.137585,0.000000,0.000000,63.860475
65.312498,0.158611,0.001885,0.000000,0.000000,65.473484
70.133407,0.176170,0.001831,0.000000,0.000000,70.311690
66.854973,0.095114,0.001513,0.000000,0.000000,66.951789
69.588540,0.077040,0.001933,0.000000,0.000000,69.667862
69.678917,0.074642,0.001776,0.000000,0.000000,69.755597
73.166865,0.122111,0.001456,0.000000,0.000000,73.290813
83.815862,0.092947,0.001219,0.000000,0.000000,83.910392
84.053392,0.061036,0.001583,0.000000,0.000000,84.116322
100.271534,0.064941,0.001938,0.000000,0.000000,100.338807
101.555909,0.049381,0.001256,0.000000,0.000000,101.606860
88.671768,0.051271,0.001387,0.000000,0.000000,88.724594
81.863167,0.046413,0.001436,0.000000,0.000000,81.911245
81.798171,0.030019,0.001292,0.000000,0.000000,81.829792
90.424525,0.034546,0.001517,0.000000,0.000000,90.460936
97.014060,0.036432,0.001934,0.000000,0.000000,97.052726
99.077713,0.039081,0.001506,0.000000,0.000000,99.118720
99.469093,0.037900,0.001994,0.000000,0.000000,99.509336
104.113827,0.051944,0.001737,0.000000,0.000000,104.167968
109.737292,0.057670,0.001506,0.000000,0.000000,109.796825
100.030156,0.034894,0.001812,0.000000,0.000000,100.067172
107.847972,0.041061,0.001427,0.000000,0.000000,107.890752
99.282117,0.037089,0.001798,0.000000,0.000000,99.321589
110.151442,0.036917,0.001173,0.000000,0.000000,110.189784
108.438675,0.037389,0.001849,0.000000,0.000000,108.478327
104.408682,0.036824,0.001366,0.000000,0.000000,104.447223
108.746160,0.032727,0.001583,0.000000,0.000000,108.780835
110.570268,0.032061,0.001194,0.000000,0.000000,110.603706
111.568912,0.027139,0.001952,0.000000,0.000000,111.598404
104.313913,0.026649,0.001402,0.000000,0.000000,104.342550
105.097169,0.033697,0.001977,0.000000,0.000000,105.133296
108.268255,0.038461,0.001819,0.000000,0.000000,108.309110
103.435880,0.045144,0.255901,0.000000,0.000000,103.737137
105.679223,0.035521,0.001675,0.000000,0.000000,105.716778
103.106049,0.051678,0.002027,0.000000,0.000000,103.159943
110.057937,0.074289,0.001885,0.000000,0.000000,110.134513
173.061170,0.085568,0.001664,0.000000,0.000000,173.148863
109.784468,0.080332,0.271485,0.000000,0.000000,110.136588
101.823925,0.066550,0.001602,0.000000,0.000000,101.892565
127.550507,0.069550,0.001483,0.000000,0.000000,127.621787
117.615844,0.064323,0.001637,0.000000,0.000000,117.682273
117.662775,0.050891,0.310349,0.000000,0.000000,118.024424
111.272479,0.064090,0.001411,0.000000,0.000000,111.338363
111.771084,0.069558,0.001878,0.000000,0.000000,111.843074
121.651359,0.047975,0.001728,0.000000,0.000000,121.701389
109.869956,0.050101,0.001828,0.000000,0.000000,109.922400
116.139431,0.051705,0.375050,0.000000,0.000000,116.566573
114.520383,0.051499,0.001235,0.000000,0.000000,114.573374
117.648939,0.053326,0.001520,0.000000,0.000000,117.704195
116.708501,0.071450,0.001658,0.000000,0.000000,116.781966
109.540384,0.058682,0.308231,0.000000,0.000000,109.907770
109.576916,0.065745,0.376216,0.000000,0.000000,110.019261
102.751592,0.072862,0.001632,0.000000,0.000000,102.826433
98.948504,0.150585,0.001558,0.000000,0.000000,99.100812
99.145164,0.071695,0.001787,0.000000,0.000000,99.218924
88.522047,0.072330,0.001863,0.000000,0.000000,88.596580
85.162680,0.069765,0.001723,0.000000,0.000000,85.234376
85.326837,0.090738,0.300445,0.000000,0.000000,85.718616
85.585955,0.091524,0.297638,0.000000,0.000000,85.975508
79.574215,0.101649,0.001674,0.000000,0.000000,79.677840
78.141036,0.108288,0.001616,0.000000,0.000000,78.251228
80.288240,0.071352,0.001400,0.000000,0.000000,80.361283
70.610926,0.103741,0.001772,0.000000,0.000000,70.716745
73.205534,0.120623,0.001493,0.000000,0.000000,73.328004
61.215460,0.103458,0.001537,0.000000,0.000000,61.320750
60.025913,0.086428,0.001519,0.000000,0.000000,60.114023
60.577010,0.065852,0.201858,0.000000,0.000000,60.844983
62.127436,0.121856,0.001533,0.000000,0.000000,62.251358
57.151528,0.124607,0.001612,0.000000,0.000000,57.278053
62.699205,0.133488,0.001573,0.000000,0.000000,62.834555
60.235374,0.092296,0.001738,0.000000,0.000000,60.329844
61.931135,0.195548,0.001416,0.000000,0.000000,62.128460
112.079797,0.152784,0.001973,0.000000,0.000000,112.234986
72.694598,0.122322,0.001474,0.000000,0.000000,72.818737
77.885850,0.093234,0.001252,0.000000,0.000000,77.980625
74.137914,0.105171,0.001454,0.000000,0.000000,74.244719
70.208597,0.069993,0.001780,0.000000,0.000000,70.280679
88.920518,0.104405,0.001697,0.000000,0.000000,89.027112
75.873475,0.090887,0.002096,0.000000,0.000000,75.966905
84.839003,0.093462,0.001793,0.000000,0.000000,84.934610
84.962335,0.052074,0.001624,0.000000,0.000000,85.016590
80.593003,0.095414,0.001605,0.000000,0.000000,80.690351
84.544485,0.165740,0.001277,0.000000,0.000000,84.711935
80.613204,0.086333,0.001486,0.000000,0.000000,80.701439
84.728654,0.105615,0.001588,0.000000,0.000000,84.836325
89.829573,0.083429,0.001327,0.000000,0.000000,89.914600
93.161283,0.120668,0.001430,0.000000,0.000000,93.283813
95.293415,0.084264,0.001729,0.000000,0.000000,95.379942
95.778557,0.083069,0.001290,0.000000,0.000000,95.863408
103.751167,0.148058,0.001451,0.000000,0.000000,103.900889
103.096395,0.094566,0.001789,0.000000,0.000000,103.193148
100.867100,0.065721,0.001944,0.000000,0.000000,100.935220
89.175760,0.072836,0.315339,0.000000,0.000000,89.564592
96.431733,0.054827,0.001148,0.000000,0.000000,96.487929
106.541194,0.058091,0.367522,0.000000,0.000000,106.966979
106.622802,0.048784,0.001395,0.000000,0.000000,106.673239
112.312122,0.065791,0.001730,0.000000,0.000000,112.380070
113.701557,0.054798,0.001535,0.000000,0.000000,113.758116
123.302612,0.047964,0.001481,0.000000,0.000000,123.352355
130.805124,0.039744,0.001475,0.000000,0.000000,130.846736
124.825611,0.039130,0.001351,0.000000,0.000000,124.866390
125.600776,0.038898,0.001368,0.000000,0.000000,125.641497
123.279722,0.081861,0.001630,0.000000,0.000000,123.363571
124.141490,0.122452,0.002044,0.000000,0.000000,124.266380
153.103110,0.093058,0.467123,0.000000,0.000000,153.663614
138.376696,0.082894,0.603240,0.000000,0.000000,139.063373
142.211451,0.083822,0.490635,0.000000,0.000000,142.786368
134.127436,0.101821,0.506395,0.000000,0.000000,134.736161
129.854720,0.173106,0.586678,0.000000,0.000000,130.615467
128.233488,0.107594,0.411478,0.000000,0.000000,128.752824
131.188747,0.097089,0.369150,0.000000,0.000000,131.655340
138.376420,0.083121,0.325864,0.000000,0.000000,138.786017
138.665296,0.067768,0.330682,0.000000,0.000000,139.064203
142.879314,0.120663,0.340007,0.000000,0.000000,143.340355
145.295276,0.094482,0.001783,0.000000,0.000000,145.391977
144.703592,0.075916,0.001405,0.000000,0.000000,144.781113
141.729861,0.059206,0.001474,0.000000,0.000000,141.790852
146.742581,0.077049,0.001402,0.000000,0.000000,146.821286
154.465872,0.096885,0.001641,0.000000,0.000000,154.564777
145.669350,0.088838,0.001430,0.000000,0.000000,145.759972
150.816214,0.079982,0.001633,0.000000,0.000000,150.898256
152.102079,0.090414,0.001636,0.000000,0.000000,152.194632
140.998935,0.065395,0.001948,0.000000,0.000000,141.066677
150.493050,0.092794,0.001627,0.000000,0.000000,150.587919
145.307126,0.090932,0.001585,0.000000,0.000000,145.400028
141.331502,0.077169,0.001581,0.000000,0.000000,141.410588
143.194640,0.091730,0.001707,0.000000,0.000000,143.288442
131.159564,0.074674,0.001669,0.000000,0.000000,131.236195
131.851102,0.106521,0.001773,0.000000,0.000000,131.959823
131.968925,0.107723,0.001361,0.000000,0.000000,132.078439
117.901731,0.102186,0.001100,0.000000,0.000000,118.005429
120.241774,0.103920,0.002028,0.000000,0.000000,120.348222
122.860791,0.121221,0.001549,0.000000,0.000000,122.983849
116.600180,0.114860,0.001910,0.000000,0.000000,116.717246
121.730585,0.167593,0.001708,0.000000,0.000000,121.900070
126.481428,0.113938,0.001357,0.000000,0.000000,126.596927
120.868317,0.149956,0.001785,0.000000,0.000000,121.020589
116.065580,0.130927,0.001782,0.000000,0.000000,116.198591
112.028728,0.116029,0.001195,0.000000,0.000000,112.146130
120.590091,0.104688,0.000985,0.000000,0.000000,120.695973
130.336706,0.193537,0.001567,0.000000,0.000000,130.532003
124.950055,0.147541,0.002143,0.000000,0.000000,125.100513
131.413801,0.100864,0.001910,0.000000,0.000000,131.517190
122.523742,0.128413,0.001721,0.000000,0.000000,122.654078
116.548627,0.105013,0.001599,0.000000,0.000000,116.655489
119.131002,0.112905,0.001454,0.000000,0.000000,119.245674
125.059741,0.077703,0.001503,0.000000,0.000000,125.139235
134.275202,0.084205,0.001470,0.000000,0.000000,134.361240
133.649883,0.072610,0.001568,0.000000,0.000000,133.724382
137.931004,0.200493,0.001453,0.000000,0.000000,138.133394
138.687980,0.074318,0.001606,0.000000,0.000000,138.764186
132.749912,0.097388,0.001671,0.000000,0.000000,132.849423
141.302983,0.091419,0.001523,0.000000,0.000000,141.396340
141.817479,0.073505,0.001663,0.000000,0.000000,141.893038
149.133908,0.086743,0.001357,0.000000,0.000000,149.222412
152.160331,0.091050,0.001566,0.000000,0.000000,152.253247
170.209036,0.099539,0.001282,0.000000,0.000000,170.310253
159.705912,0.121003,0.001375,0.000000,0.000000,159.828613
163.287695,0.073597,0.001796,0.000000,0.000000,163.363665
144.828827,0.078876,0.002061,0.000000,0.000000,144.910305
